"ids" "nef_1" "nef_2" "nef_3" "nef_4" "nef_5" "nef_6" "nef_7" "nef_8" "nef_9" "nef_10" "nef_11" "nef_12" "nef_13" "nef_14" "nef_15" "nef_16" "nef_17" "nef_18" "nef_19" "nef_20"
1 0.603835978835979 0.603835978835979 0.603835978835979 0.603835978835979 0.603835978835979 0.603835978835979 0.603835978835979 0.603835978835979 0.603835978835979 0.603835978835979 0.603835978835979 0.603835978835979 0.603835978835979 0.603835978835979 0.603835978835979 0.603835978835979 0.603835978835979 0.603835978835979 0.603835978835979 0.603835978835979
2 0.477272727272727 0.575284090909091 0.575284090909091 0.575284090909091 0.575284090909091 0.575284090909091 0.575284090909091 0.575284090909091 0.575284090909091 0.575284090909091 0.575284090909091 0.575284090909091 0.575284090909091 0.575284090909091 0.575284090909091 0.607954545454545 0.607954545454545 0.607954545454545 0.607954545454545 0.607954545454545
3 0.444962686567164 0.444962686567164 0.444962686567164 0.444962686567164 0.444962686567164 0.444962686567164 0.444962686567164 0.444962686567164 0.444962686567164 0.444962686567164 0.444962686567164 0.444962686567164 0.444962686567164 0.444962686567164 0.506633499170813 0.506633499170813 0.506633499170813 0.506633499170813 0.506633499170813 0.506633499170813
4 0.44524236983842 0.44524236983842 0.44524236983842 0.44524236983842 0.44524236983842 0.44524236983842 0.44524236983842 0.44524236983842 0.44524236983842 0.44524236983842 0.44524236983842 0.44524236983842 0.44524236983842 0.44524236983842 0.44524236983842 0.44524236983842 0.44524236983842 0.44524236983842 0.44524236983842 0.44524236983842
5 0.630144927536232 0.630144927536232 0.630144927536232 0.630144927536232 0.630144927536232 0.630144927536232 0.630144927536232 0.630144927536232 0.630144927536232 0.630144927536232 0.630144927536232 0.630144927536232 0.630144927536232 0.630144927536232 0.630144927536232 0.630144927536232 0.630144927536232 0.630144927536232 0.630144927536232 0.630144927536232
6 0.556109725685786 0.556109725685786 0.556109725685786 0.556109725685786 0.556109725685786 0.556109725685786 0.556109725685786 0.556109725685786 0.556109725685786 0.556109725685786 0.500623441396509 0.500623441396509 0.500623441396509 0.500623441396509 0.500623441396509 0.500623441396509 0.500623441396509 0.500623441396509 0.500623441396509 0.500623441396509
7 0.815134099616858 0.815134099616858 0.815134099616858 0.815134099616858 0.815134099616858 0.815134099616858 0.815134099616858 0.815134099616858 0.815134099616858 0.815134099616858 0.815134099616858 0.815134099616858 0.815134099616858 0.815134099616858 0.815134099616858 0.815134099616858 0.815134099616858 0.815134099616858 0.815134099616858 0.815134099616858
8 0.537037037037037 0.537037037037037 0.537037037037037 0.537037037037037 0.537037037037037 0.537037037037037 0.537037037037037 0.537037037037037 0.537037037037037 0.537037037037037 0.537037037037037 0.537037037037037 0.537037037037037 0.537037037037037 0.537037037037037 0.537037037037037 0.537037037037037 0.537037037037037 0.537037037037037 0.537037037037037
9 0.506172839506173 0.521604938271605 0.521604938271605 0.521604938271605 0.521604938271605 0.521604938271605 0.537037037037037 0.537037037037037 0.552469135802469 0.614197530864198 0.614197530864198 0.614197530864198 0.614197530864198 0.614197530864198 0.614197530864198 0.614197530864198 0.614197530864198 0.598765432098765 0.598765432098765 0.598765432098765
10 0.564972241498959 0.564972241498959 0.564972241498959 0.564972241498959 0.545779840388619 0.545779840388619 0.545779840388619 0.545779840388619 0.545779840388619 0.545779840388619 0.539382373351839 0.539382373351839 0.539382373351839 0.596959576682859 0.596959576682859 0.596959576682859 0.596959576682859 0.596959576682859 0.596959576682859 0.596959576682859
11 0.537121212121212 0.537121212121212 0.537121212121212 0.537121212121212 0.537121212121212 0.537121212121212 0.537121212121212 0.537121212121212 0.537121212121212 0.537121212121212 0.537121212121212 0.537121212121212 0.537121212121212 0.537121212121212 0.675984848484849 0.675984848484849 0.675984848484849 0.675984848484849 0.675984848484849 0.675984848484849
12 0.609819790147273 0.622406248529619 0.609819790147273 0.609819790147273 0.609819790147273 0.609819790147273 0.609819790147273 0.622406248529619 0.634992706911965 0.634992706911965 0.697924998823696 0.697924998823696 0.697924998823696 0.647579165294311 0.622406248529619 0.622406248529619 0.622406248529619 0.572060415000235 0.572060415000235 0.584646873382581
13 0.566114994517544 0.566114994517544 0.566114994517544 0.566114994517544 0.566114994517544 0.566114994517544 0.566114994517544 0.566114994517544 0.566114994517544 0.566114994517544 0.566114994517544 0.566114994517544 0.566114994517544 0.566114994517544 0.566114994517544 0.566114994517544 0.566114994517544 0.566114994517544 0.566114994517544 0.566114994517544
14 0.583600770218229 0.583600770218229 0.583600770218229 0.583600770218229 0.583600770218229 0.583600770218229 0.583600770218229 0.583600770218229 0.583600770218229 0.583600770218229 0.583600770218229 0.583600770218229 0.583600770218229 0.583600770218229 0.583600770218229 0.583600770218229 0.583600770218229 0.583600770218229 0.583600770218229 0.583600770218229
15 0.444550669216061 0.444550669216061 0.444550669216061 0.444550669216061 0.523900573613767 0.523900573613767 0.523900573613767 0.523900573613767 0.523900573613767 0.523900573613767 0.523900573613767 0.523900573613767 0.523900573613767 0.523900573613767 0.523900573613767 0.523900573613767 0.523900573613767 0.523900573613767 0.523900573613767 0.523900573613767
16 0.539878563342595 0.539878563342595 0.526345579911495 0.526345579911495 0.526345579911495 0.526345579911495 0.526345579911495 0.526345579911495 0.526345579911495 0.526345579911495 0.526345579911495 0.539878563342595 0.539878563342595 0.539878563342595 0.539878563342595 0.539878563342595 0.539878563342595 0.539878563342595 0.553411546773696 0.553411546773696
17 0.596632996632997 0.596632996632997 0.596632996632997 0.596632996632997 0.596632996632997 0.596632996632997 0.596632996632997 0.596632996632997 0.596632996632997 0.596632996632997 0.495791245791246 0.495791245791246 0.495791245791246 0.495791245791246 0.495791245791246 0.495791245791246 0.495791245791246 0.495791245791246 0.495791245791246 0.495791245791246
18 0.529998623916334 0.529998623916334 0.529998623916334 0.529998623916334 0.572726021742122 0.572726021742122 0.572726021742122 0.572726021742122 0.572726021742122 0.572726021742122 0.572726021742122 0.572726021742122 0.572726021742122 0.572726021742122 0.572726021742122 0.61545341956791 0.61545341956791 0.61545341956791 0.61545341956791 0.61545341956791
19 0.487569464755777 0.487569464755777 0.487569464755777 0.487569464755777 0.487569464755777 0.487569464755777 0.487569464755777 0.487569464755777 0.487569464755777 0.487569464755777 0.487569464755777 0.487569464755777 0.487569464755777 0.487569464755777 0.487569464755777 0.487569464755777 0.487569464755777 0.487569464755777 0.487569464755777 0.487569464755777
20 0.603610675039246 0.603610675039246 0.603610675039246 0.603610675039246 0.603610675039246 0.603610675039246 0.603610675039246 0.603610675039246 0.603610675039246 0.603610675039246 0.577184720041863 0.577184720041863 0.577184720041863 0.577184720041863 0.577184720041863 0.63003663003663 0.63003663003663 0.63003663003663 0.63003663003663 0.63003663003663
21 0.814862542955326 0.814862542955326 0.814862542955326 0.814862542955326 0.814862542955326 0.814862542955326 0.814862542955326 0.814862542955326 0.814862542955326 0.814862542955326 0.814862542955326 0.814862542955326 0.814862542955326 0.814862542955326 0.814862542955326 0.814862542955326 0.814862542955326 0.814862542955326 0.814862542955326 0.814862542955326
22 0.475272727272727 0.495454545454545 0.485363636363636 0.535818181818182 0.556 0.566090909090909 0.576181818181818 0.556 0.576181818181818 0.576181818181818 0.586272727272727 0.485363636363636 0.485363636363636 0.485363636363636 0.495454545454545 0.495454545454545 0.495454545454545 0.485363636363636 0.485363636363636 0.485363636363636
23 0.445386064030132 0.445386064030132 0.445386064030132 0.445386064030132 0.445386064030132 0.556308851224105 0.556308851224105 0.556308851224105 0.556308851224105 0.556308851224105 0.556308851224105 0.556308851224105 0.556308851224105 0.556308851224105 0.556308851224105 0.556308851224105 0.556308851224105 0.556308851224105 0.556308851224105 0.556308851224105
24 0.551202034211743 0.526722145168747 0.469602404068423 0.502242256125751 0.510402219140083 0.510402219140083 0.551202034211743 0.534882108183079 0.534882108183079 0.559361997226075 0.551202034211743 0.551202034211743 0.559361997226075 0.485922330097087 0.485922330097087 0.485922330097087 0.494082293111419 0.494082293111419 0.494082293111419 0.485922330097087
25 0.888921282798834 0.888921282798834 0.888921282798834 0.888921282798834 0.888921282798834 0.888921282798834 0.777842565597668 0.777842565597668 0.777842565597668 0.777842565597668 0.777842565597668 0.777842565597668 0.777842565597668 0.777842565597668 0.777842565597668 0.777842565597668 0.777842565597668 0.777842565597668 0.777842565597668 0.777842565597668
26 0.66697247706422 0.639220183486239 0.639220183486239 0.639220183486239 0.639220183486239 0.694724770642202 0.66697247706422 0.66697247706422 0.66697247706422 0.694724770642202 0.750229357798165 0.750229357798165 0.805733944954128 0.805733944954128 0.805733944954128 0.805733944954128 0.805733944954128 0.83348623853211 0.83348623853211 0.83348623853211
27 0.52406015037594 0.52406015037594 0.52406015037594 0.52406015037594 0.52406015037594 0.52406015037594 0.52406015037594 0.52406015037594 0.52406015037594 0.52406015037594 0.52406015037594 0.52406015037594 0.52406015037594 0.52406015037594 0.52406015037594 0.52406015037594 0.52406015037594 0.52406015037594 0.52406015037594 0.52406015037594
28 0.568560927339553 0.568560927339553 0.568560927339553 0.568560927339553 0.568560927339553 0.568560927339553 0.568560927339553 0.568560927339553 0.568560927339553 0.568560927339553 0.568560927339553 0.568560927339553 0.568560927339553 0.691829233813967 0.691829233813967 0.691829233813967 0.691829233813967 0.691829233813967 0.691829233813967 0.691829233813967
29 0.445054945054945 0.445054945054945 0.445054945054945 0.445054945054945 0.445054945054945 0.445054945054945 0.603610675039246 0.603610675039246 0.603610675039246 0.603610675039246 0.603610675039246 0.603610675039246 0.603610675039246 0.603610675039246 0.603610675039246 0.603610675039246 0.603610675039246 0.603610675039246 0.603610675039246 0.603610675039246
30 0.629824561403509 0.629824561403509 0.629824561403509 0.629824561403509 0.629824561403509 0.629824561403509 0.629824561403509 0.629824561403509 0.629824561403509 0.629824561403509 0.629824561403509 0.629824561403509 0.629824561403509 0.629824561403509 0.629824561403509 0.629824561403509 0.814912280701754 0.814912280701754 0.814912280701754 0.814912280701754
