"ids" "roc_1" "roc_2" "roc_3" "roc_4" "roc_5" "roc_6" "roc_7" "roc_8" "roc_9" "roc_10" "roc_11" "roc_12" "roc_13" "roc_14" "roc_15" "roc_16" "roc_17" "roc_18" "roc_19" "roc_20" "roc_21" "roc_22" "roc_23" "roc_24" "roc_25" "roc_26" "roc_27" "roc_28" "roc_29" "roc_30"
1 0.794642857142857 0.799951737451737 0.800675675675676 0.800434362934363 0.800434362934363 0.80019305019305 0.799951737451737 0.801158301158301 0.798745173745174 0.818050193050193 0.825772200772201 0.826496138996139 0.826978764478765 0.851592664092664 0.851351351351351 0.855212355212355 0.855453667953668 0.855453667953668 0.855453667953668 0.855453667953668 0.855694980694981 0.855453667953668 0.855694980694981 0.859073359073359 0.860279922779923 0.876689189189189 0.876689189189189 0.87765444015444 0.883928571428571 0.890926640926641
2 0.925105728565936 0.917185697808535 0.915494040753556 0.870203767781622 0.864667435601692 0.95278738946559 0.954171472510573 0.954632833525567 0.955017301038062 0.954786620530565 0.955478662053057 0.955555555555555 0.95440215301807 0.954786620530565 0.954786620530565 0.955863129565552 0.956324490580546 0.956324490580546 0.955709342560554 0.955709342560554 0.955709342560554 0.955709342560554 0.955709342560554 0.955709342560554 0.955709342560554 0.955709342560554 0.955786236063053 0.956247597078047 0.938869665513264 0.938869665513264
3 0.84641638225256 0.848122866894198 0.848691695108077 0.848691695108077 0.850398179749716 0.850398179749716 0.850398179749716 0.850587789154342 0.850587789154342 0.876753886992795 0.876943496397421 0.876753886992795 0.879977246871445 0.879977246871445 0.886803185437998 0.886803185437998 0.886803185437998 0.890595373530527 0.890595373530527 0.890595373530527 0.890595373530527 0.891164201744406 0.891164201744406 0.891164201744406 0.891164201744406 0.891164201744406 0.891164201744406 0.891164201744406 0.891164201744406 0.891164201744406
4 0.821428571428571 0.843344155844156 0.853084415584416 0.855519480519481 0.855519480519481 0.857142857142857 0.849025974025974 0.849025974025974 0.849025974025974 0.849025974025974 0.858766233766234 0.858766233766234 0.859577922077922 0.792207792207792 0.792207792207792 0.799512987012987 0.799512987012987 0.80275974025974 0.805194805194805 0.808441558441559 0.808441558441559 0.825487012987013 0.823863636363636 0.823863636363636 0.826298701298701 0.826298701298701 0.82711038961039 0.827922077922078 0.827922077922078 0.829545454545455
5 0.738057742782152 0.776377952755905 0.709711286089239 0.680314960629921 0.669291338582677 0.68241469816273 0.665616797900262 0.663517060367454 0.659842519685039 0.66246719160105 0.667716535433071 0.667716535433071 0.668766404199475 0.674015748031496 0.672965879265092 0.96010498687664 0.961679790026247 0.962204724409449 0.962204724409449 0.962204724409449 0.962204724409449 0.962729658792651 0.906561679790026 0.910761154855643 0.911811023622047 0.913910761154856 0.915485564304462 0.914435695538058 0.916010498687664 0.918635170603675
6 0.794022988505747 0.816091954022989 0.829195402298851 0.832413793103448 0.834712643678161 0.835172413793103 0.835632183908046 0.835862068965517 0.835862068965517 0.842298850574713 0.842528735632184 0.843218390804598 0.844827586206897 0.844827586206897 0.844827586206897 0.848275862068966 0.848735632183908 0.848735632183908 0.848735632183908 0.853563218390805 0.854252873563218 0.85448275862069 0.85448275862069 0.864827586206897 0.864827586206897 0.868505747126437 0.868505747126437 0.871264367816092 0.877701149425287 0.878850574712644
7 0.877314814814815 0.884837962962963 0.888888888888889 0.888888888888889 0.889467592592593 0.889467592592593 0.889467592592593 0.889467592592593 0.889467592592593 0.890046296296296 0.890625 0.897569444444444 0.913773148148148 0.913773148148148 0.916087962962963 0.916087962962963 0.916087962962963 0.91724537037037 0.920138888888889 0.920138888888889 0.920138888888889 0.920138888888889 0.920138888888889 0.920138888888889 0.920717592592593 0.922453703703704 0.928819444444444 0.928819444444444 0.928819444444444 0.928819444444444
8 0.802188552188552 0.790965207631874 0.768518518518518 0.759259259259259 0.755892255892256 0.750280583613917 0.747755331088664 0.771885521885522 0.756734006734007 0.777777777777778 0.777777777777778 0.774971941638608 0.778338945005612 0.780022446689113 0.779741863075196 0.783950617283951 0.7831088664422 0.783389450056117 0.763468013468013 0.765993265993266 0.7665544332211 0.764590347923681 0.764309764309764 0.768518518518518 0.781425364758698 0.781144781144781 0.782547699214366 0.78030303030303 0.779741863075196 0.792087542087542
9 0.657382650029709 0.664587046939988 0.66592394533571 0.667780748663102 0.68048128342246 0.683452168746286 0.696821152703506 0.701426024955437 0.703802733214498 0.705065359477124 0.70736779560309 0.708630421865716 0.750222816399287 0.76678550207962 0.774881164587047 0.777257872846108 0.778149138443256 0.786170528817588 0.81729055258467 0.809491978609626 0.811868686868687 0.767453951277481 0.768642305407011 0.777777777777778 0.783571004159239 0.784536541889483 0.786913250148544 0.790626856803327 0.79144385026738 0.791518122400475
10 0.809828565553756 0.819993831444213 0.82329657902177 0.824748759863264 0.825314210810394 0.825494127020845 0.832009664070733 0.831881152491839 0.835607988279744 0.835800755648084 0.836713187858226 0.833346184491223 0.833359035649112 0.843318683013339 0.843639961960573 0.837445703857918 0.838229624489166 0.845811807643869 0.846210193538438 0.84617164006477 0.846210193538438 0.846248747012106 0.846428663222556 0.831598427018274 0.831547022386717 0.831238594597373 0.82958079522965 0.829824967229547 0.830184799650448 0.828848279229959
11 0.860183639398998 0.849888703394546 0.85559265442404 0.857122982749026 0.858514190317195 0.858653311074012 0.858653311074012 0.858653311074012 0.863522537562604 0.881886477462437 0.881886477462437 0.881886477462437 0.882025598219254 0.882025598219254 0.880773511407902 0.887033945464663 0.904424040066778 0.904841402337229 0.904980523094046 0.904980523094046 0.904980523094046 0.904980523094046 0.904980523094046 0.905119643850863 0.916805787423484 0.920840289371174 0.920840289371174 0.92417918753478 0.92417918753478 0.92417918753478
12 0.846354263594745 0.82588305356013 0.825417798786616 0.842799717125098 0.849908810064391 0.850709048274835 0.851081252093646 0.851044031711765 0.851490676294339 0.851453455912458 0.853705289016265 0.856106003647597 0.856031562883835 0.866043845609856 0.866099676182678 0.868258458331783 0.868277068522723 0.868332899095545 0.865876353891391 0.868258458331783 0.868258458331783 0.868332899095545 0.870454460862768 0.872613243011873 0.870305579335244 0.866955744965943 0.867030185729706 0.869282018833513 0.869356459597275 0.869040086351286
13 0.701930428134557 0.668832823649337 0.660518603465851 0.661983944954128 0.678102701325178 0.671158256880734 0.670712283384302 0.676127675840979 0.674216360856269 0.672814729867482 0.671030835881753 0.680810397553517 0.687054026503568 0.688073394495413 0.687372579001019 0.685493119266055 0.684824159021407 0.679153924566769 0.688933486238532 0.688455657492355 0.690653669724771 0.690749235474006 0.691609327217125 0.693839194699286 0.696355759429154 0.703172782874618 0.697725535168196 0.70052879714577 0.702025993883792 0.701261467889908
14 0.818698949824971 0.816219369894982 0.793757292882147 0.801779463243874 0.80659276546091 0.76196032672112 0.764148191365227 0.763564760793466 0.753646441073512 0.743144690781797 0.740081680280047 0.706388564760793 0.705513418903151 0.694865810968495 0.69034422403734 0.682176196032672 0.679259043173862 0.677508751458576 0.675175029171529 0.675029171528588 0.677071178529755 0.678092182030338 0.681009334889148 0.670070011668611 0.669049008168028 0.662485414235706 0.662339556592765 0.657380396732789 0.656942823803967 0.656651108518086
15 0.765057242409159 0.67297162767546 0.689895470383275 0.695868591338975 0.69761075161772 0.698855151816824 0.699601791936287 0.701095072175211 0.724738675958188 0.727476356396217 0.729467396714783 0.734942757590841 0.735689397710304 0.736933797909408 0.737182677949228 0.740418118466899 0.740915878546541 0.741911398705824 0.741911398705824 0.708312593330015 0.708561473369836 0.709308113489298 0.709556993529119 0.70980587356894 0.711548033847685 0.715778994524639 0.716525634644102 0.717272274763564 0.723245395719263 0.725734196117471
16 0.762735730450088 0.771385466431984 0.772139803872266 0.780186069901936 0.775609756097561 0.774805129494594 0.781493588131758 0.778828262509429 0.780236359064622 0.787377420165954 0.785868745285391 0.785667588634649 0.783756600452602 0.785315564495851 0.783756600452602 0.78466180538094 0.785416142821222 0.781292431481016 0.779381443298969 0.8341966306261 0.834498365602213 0.834900678903696 0.845763138043752 0.845863716369122 0.84842846366608 0.85018858436007 0.850389741010812 0.852803620819713 0.854010560724164 0.856424440533065
17 0.656617192331478 0.684601113172542 0.68382807668522 0.686920222634508 0.687538651824366 0.705009276437848 0.70439084724799 0.710111317254174 0.710265924551639 0.710265924551639 0.711193568336425 0.710884353741497 0.71134817563389 0.714749536178108 0.715986394557823 0.716295609152752 0.716450216450216 0.71691403834261 0.72387136672851 0.724335188620903 0.724335188620903 0.726345083487941 0.727118119975263 0.730210265924552 0.728045763760049 0.721861471861472 0.672077922077922 0.674242424242424 0.677334570191713 0.678880643166357
18 0.811740890688259 0.784033400809717 0.788967611336032 0.792004048582996 0.793522267206478 0.793269230769231 0.792636639676113 0.792383603238866 0.782388663967611 0.782388663967611 0.782135627530364 0.782515182186235 0.782388663967611 0.782262145748988 0.797570850202429 0.797570850202429 0.808830971659919 0.808957489878543 0.813638663967611 0.813765182186235 0.819331983805668 0.819711538461538 0.820091093117409 0.820091093117409 0.823380566801619 0.815283400809717 0.815156882591093 0.815662955465587 0.817813765182186 0.818193319838057
19 0.679779065068032 0.693250707261215 0.698100498450761 0.715883066145763 0.718981543850195 0.7185773945844 0.717903812474741 0.717769096052809 0.718173245318604 0.761282500336791 0.761417216758723 0.763168530243837 0.765997575104405 0.765997575104405 0.772329246935201 0.772329246935201 0.776505456015088 0.776370739593156 0.776774888858952 0.777179038124747 0.777583187390543 0.777987336656338 0.77812205307827 0.778256769500202 0.778391485922134 0.774349993264179 0.786743904081908 0.787417486191567 0.787417486191567 0.787282769769635
20 0.865689865689866 0.878876678876679 0.86959706959707 0.863492063492063 0.858038258038258 0.856654456654457 0.850712250712251 0.85046805046805 0.83980463980464 0.838665038665039 0.837362637362637 0.835490435490435 0.833618233618234 0.835164835164835 0.834432234432234 0.834188034188034 0.865527065527065 0.862759462759463 0.862922262922263 0.877818477818478 0.893528693528693 0.8999592999593 0.901180301180301 0.908831908831909 0.908587708587709 0.90964590964591 0.90972730972731 0.908587708587709 0.909320309320309 0.909320309320309
21 0.679906542056075 0.685358255451713 0.688473520249221 0.677570093457944 0.654984423676013 0.707943925233645 0.709501557632399 0.712616822429907 0.714953271028037 0.719626168224299 0.72196261682243 0.724299065420561 0.725856697819315 0.727414330218068 0.726635514018692 0.728193146417445 0.728971962616822 0.728971962616822 0.735202492211838 0.736760124610592 0.739096573208723 0.7398753894081 0.752336448598131 0.753115264797508 0.754672897196262 0.757009345794392 0.757788161993769 0.758566978193146 0.759345794392523 0.759345794392523
22 0.838909090909091 0.819563636363636 0.819309090909091 0.817381818181818 0.817345454545454 0.822472727272727 0.792690909090909 0.796254545454545 0.791854545454545 0.797490909090909 0.798545454545455 0.801163636363636 0.802254545454545 0.815527272727273 0.823345454545454 0.823563636363636 0.823963636363636 0.823854545454545 0.823236363636364 0.807272727272727 0.808909090909091 0.808654545454545 0.809490909090909 0.809345454545454 0.810581818181818 0.811272727272727 0.817527272727273 0.819272727272727 0.821309090909091 0.825418181818182
23 0.876712328767123 0.88013698630137 0.88013698630137 0.88013698630137 0.897602739726027 0.897945205479452 0.899315068493151 0.899315068493151 0.899657534246575 0.899315068493151 0.905479452054795 0.905479452054795 0.905479452054795 0.905479452054795 0.907876712328767 0.907876712328767 0.907876712328767 0.907876712328767 0.907876712328767 0.907876712328767 0.909246575342466 0.924315068493151 0.925342465753425 0.925342465753425 0.898972602739726 0.898972602739726 0.896232876712329 0.896232876712329 0.892808219178082 0.892808219178082
24 0.9185422182995 0.918064136510738 0.923047219770521 0.920178729037952 0.918523830538394 0.918229626360694 0.918229626360694 0.919645483965872 0.919645483965872 0.919682259488085 0.919663871726978 0.919700647249191 0.919682259488085 0.919682259488085 0.919682259488085 0.919682259488085 0.919682259488085 0.919645483965872 0.919645483965872 0.920914239482201 0.920914239482201 0.922146219476317 0.922164607237423 0.923414974992645 0.923470138275964 0.926743159752868 0.927975139746984 0.9292071197411 0.928453221535746 0.928232568402471
25 0.94557463672391 0.945310435931308 0.94557463672391 0.94557463672391 0.94557463672391 0.943196829590489 0.929722589167768 0.936327608982827 0.947424042272127 0.942668428005284 0.941875825627477 0.941347424042272 0.938969616908851 0.938969616908851 0.94002642007926 0.94002642007926 0.935006605019815 0.931571994715984 0.931571994715984 0.931836195508587 0.963804491413474 0.963804491413474 0.963804491413474 0.963011889035667 0.963011889035667 0.963011889035667 0.956935270805812 0.956935270805812 0.956935270805812 0.957199471598415
26 0.912464589235128 0.910056657223796 0.885835694050991 0.876203966005666 0.874787535410765 0.91657223796034 0.926062322946176 0.925849858356941 0.923229461756374 0.922379603399433 0.924787535410765 0.926770538243626 0.927407932011331 0.927124645892351 0.926062322946176 0.929320113314448 0.929461756373938 0.936614730878187 0.936614730878187 0.939022662889518 0.938951841359773 0.940084985835694 0.940934844192635 0.939164305949008 0.939376770538244 0.937960339943343 0.939164305949008 0.940368271954674 0.94157223796034 0.94157223796034
27 0.788871821129886 0.813449394094555 0.829322409967571 0.838026967059225 0.841269841269841 0.846902201740911 0.848438300051203 0.874722648916197 0.880355009387268 0.882403140467657 0.882403140467657 0.897252090800478 0.89742276839051 0.898446833930705 0.899812254650964 0.899812254650964 0.902372418501451 0.902372418501451 0.902713773681516 0.902884451271548 0.905785970302099 0.907492746202424 0.907492746202424 0.907492746202424 0.907492746202424 0.907834101382489 0.912442396313364 0.912442396313364 0.913978494623656 0.91568527052398
28 0.88056206088993 0.899557637262555 0.90632318501171 0.889929742388759 0.889149102263856 0.888888888888889 0.888888888888889 0.90215977101223 0.90424147801197 0.90528233151184 0.90528233151184 0.90528233151184 0.905802758261775 0.906062971636742 0.90632318501171 0.90632318501171 0.908665105386417 0.908144678636482 0.908144678636482 0.908144678636482 0.909705958886287 0.910486599011189 0.911527452511059 0.911527452511059 0.912828519385896 0.912568306010929 0.907364038511579 0.908144678636482 0.893572729638303 0.893832943013271
29 0.876460767946578 0.883377056999761 0.884808013355593 0.884808013355593 0.880992129740043 0.880038158836155 0.881230622466015 0.88313856427379 0.879561173384212 0.87932268065824 0.879561173384212 0.879799666110184 0.880038158836155 0.880992129740043 0.880992129740043 0.899594562365848 0.900548533269735 0.89983305509182 0.914619604102075 0.914619604102075 0.914619604102075 0.914619604102075 0.914619604102075 0.914619604102075 0.914858096828047 0.924159313140949 0.927498211304555 0.927498211304555 0.927498211304555 0.928452182208443
30 0.916467780429594 0.928400954653938 0.929992044550517 0.932378679395386 0.953062848050915 0.953858392999204 0.954653937947494 0.941925218774861 0.946698488464598 0.947494033412888 0.947494033412888 0.947494033412888 0.947494033412888 0.948289578361177 0.948289578361177 0.948289578361177 0.948289578361177 0.948289578361177 0.951471758154336 0.951471758154336 0.951471758154336 0.951471758154336 0.941925218774861 0.934765314240255 0.934765314240255 0.910898965791567 0.911694510739857 0.911694510739857 0.902943516308671 0.902943516308671
31 0.836601307189543 0.761029411764706 0.745506535947712 0.73733660130719 0.752042483660131 0.748774509803922 0.770833333333333 0.760212418300654 0.769199346405229 0.759395424836601 0.763071895424837 0.760212418300654 0.758986928104575 0.767156862745098 0.954656862745098 0.954656862745098 0.955065359477124 0.95547385620915 0.95547385620915 0.95547385620915 0.955882352941177 0.956290849673203 0.952614379084967 0.952614379084967 0.954656862745098 0.954656862745098 0.955065359477124 0.955065359477124 0.955065359477124 0.95547385620915
32 0.875162760416667 0.87841796875 0.899251302083333 0.90087890625 0.901041666666667 0.8798828125 0.880045572916667 0.880208333333333 0.880208333333333 0.880208333333333 0.886881510416667 0.888509114583333 0.888671875 0.889485677083333 0.902669270833333 0.9033203125 0.9033203125 0.903483072916667 0.903971354166667 0.904134114583333 0.904134114583333 0.911946614583333 0.911458333333333 0.909016927083333 0.909016927083333 0.909505208333333 0.91064453125 0.910481770833333 0.910481770833333 0.910481770833333
33 0.615855855855856 0.616792792792793 0.614342342342342 0.616288288288288 0.61563963963964 0.634954954954955 0.634234234234234 0.645837837837838 0.642162162162162 0.643531531531532 0.642882882882883 0.643099099099099 0.643531531531532 0.64627027027027 0.647063063063063 0.648792792792793 0.650162162162162 0.65045045045045 0.650954954954955 0.650810810810811 0.652036036036036 0.651891891891892 0.652828828828829 0.651891891891892 0.651963963963964 0.652108108108108 0.653693693693694 0.653477477477478 0.654486486486486 0.655351351351351
34 0.712765957446808 0.717888100866824 0.738770685579196 0.754925137903861 0.761229314420804 0.763199369582348 0.771867612293144 0.774625689519307 0.776595744680851 0.777777777777778 0.779747832939322 0.780929866036249 0.782505910165485 0.783687943262411 0.784869976359338 0.786052009456265 0.786446020488574 0.791174152876281 0.791568163908589 0.792356185973207 0.792750197005516 0.793538219070134 0.795508274231678 0.796296296296296 0.797084318360914 0.797872340425532 0.799842395587076 0.800630417651694 0.801024428684003 0.801812450748621
35 0.821246246246246 0.798498498498499 0.792492492492493 0.790127627627628 0.788400900900901 0.786073573573574 0.801614114114114 0.800075075075075 0.797897897897898 0.798498498498499 0.797072072072072 0.795795795795796 0.805893393393393 0.80487987987988 0.804542042042042 0.809534534534535 0.810172672672673 0.812575075075075 0.812837837837838 0.812124624624625 0.811824324324324 0.813626126126126 0.812762762762763 0.813213213213213 0.80213963963964 0.791854354354354 0.793618618618619 0.798723723723724 0.796133633633634 0.799662162162162
36 0.782472613458529 0.748043818466354 0.743348982785602 0.724569640062598 0.721439749608764 0.708920187793427 0.705790297339593 0.694835680751174 0.685446009389671 0.68075117370892 0.661971830985915 0.658841940532081 0.65414710485133 0.647887323943662 0.644757433489828 0.63849765258216 0.632237871674491 0.62754303599374 0.625978090766823 0.625978090766823 0.619718309859155 0.619718309859155 0.616588419405321 0.613458528951487 0.610328638497653 0.607198748043818 0.604068857589984 0.60093896713615 0.60093896713615 0.594679186228482
37 0.939950980392157 0.941176470588235 0.927450980392157 0.926470588235294 0.925735294117647 0.909558823529412 0.908578431372549 0.906617647058824 0.948039215686274 0.949019607843137 0.949019607843137 0.946813725490196 0.946813725490196 0.947549019607843 0.952205882352941 0.952205882352941 0.952205882352941 0.952205882352941 0.952205882352941 0.952205882352941 0.952205882352941 0.952205882352941 0.95171568627451 0.95171568627451 0.95171568627451 0.958578431372549 0.958578431372549 0.959803921568627 0.959803921568627 0.959803921568627
38 0.559850374064838 0.542394014962594 0.543640897755611 0.544887780548628 0.547381546134663 0.548628428927681 0.549875311720698 0.539900249376559 0.527431421446384 0.526184538653367 0.527431421446384 0.526184538653367 0.527431421446384 0.528678304239402 0.529925187032419 0.531172069825436 0.532418952618454 0.533665835411471 0.534912718204489 0.536159600997506 0.537406483790524 0.538653366583541 0.538653366583541 0.538653366583541 0.539900249376559 0.541147132169576 0.538653366583541 0.539900249376559 0.541147132169576 0.542394014962594
39 0.805882352941176 0.813025210084034 0.815126050420168 0.816806722689076 0.818067226890756 0.837394957983193 0.837394957983193 0.84327731092437 0.85 0.844957983193277 0.844957983193277 0.844957983193277 0.844957983193277 0.847058823529412 0.847058823529412 0.847478991596639 0.849579831932773 0.85 0.85 0.850420168067227 0.850420168067227 0.852941176470588 0.853781512605042 0.853781512605042 0.85672268907563 0.857983193277311 0.859663865546219 0.860084033613445 0.860084033613445 0.860504201680672
40 0.885197368421053 0.887828947368421 0.888815789473684 0.898355263157895 0.9 0.900328947368421 0.899013157894737 0.899013157894737 0.899013157894737 0.899013157894737 0.899013157894737 0.895888157894737 0.901315789473684 0.904769736842105 0.898026315789474 0.898190789473684 0.898519736842105 0.899013157894737 0.899013157894737 0.896546052631579 0.897203947368421 0.897532894736842 0.898026315789474 0.898190789473684 0.898684210526316 0.899506578947368 0.899835526315789 0.900328947368421 0.900986842105263 0.901480263157895
41 0.627022653721683 0.630663430420712 0.631742179072276 0.632955771305286 0.634169363538296 0.634708737864078 0.645361380798274 0.644822006472492 0.645765911542611 0.644956850053937 0.659519956850054 0.660194174757282 0.665318230852211 0.666666666666667 0.669902912621359 0.670307443365696 0.677454153182309 0.683656957928803 0.68433117583603 0.684735706580367 0.688106796116505 0.688106796116505 0.688646170442287 0.68945523193096 0.692017259978425 0.703883495145631 0.703748651564186 0.704018338727077 0.70482740021575 0.704153182308522
42 0.931837073981712 0.932668329177057 0.929490000488974 0.926751748080778 0.922179844506381 0.920590680162339 0.915627597672485 0.904430101217544 0.892181311427314 0.899540364774339 0.896508728179551 0.887120434208596 0.887169331573028 0.886289179013251 0.899589262138771 0.899687056867635 0.897413329421544 0.896362036086255 0.89528629406875 0.892107965380666 0.891374504914185 0.893379296855899 0.892376900885042 0.891985721969586 0.891423402278617 0.893012566622659 0.895212948022102 0.897780059654785 0.903403256564471 0.904772382768569
43 0.695353613143371 0.703375689898601 0.738993710691824 0.745026312411757 0.746470286227699 0.747785906815556 0.735335643691439 0.736041586445899 0.736490822744192 0.737549736875882 0.745379283788987 0.754556539596971 0.754652804518034 0.762931587729431 0.76845077653703 0.768194070080862 0.77124245924785 0.772012578616352 0.772365549993582 0.764953151071749 0.765434475677063 0.762097291746887 0.768258246694904 0.775221409318444 0.774451289949942 0.777275060967783 0.778141445257348 0.77958541907329 0.782184571941984 0.783275574380696
44 0.81553698545342 0.816155988857939 0.837821108016094 0.83967811822965 0.840606623336428 0.845558650572578 0.847725162488394 0.84958217270195 0.863509749303621 0.863509749303621 0.863819251005881 0.86412875270814 0.864747756112659 0.855462705044878 0.853915196533581 0.856700711853915 0.856700711853915 0.858557722067471 0.849891674404209 0.849891674404209 0.850820179510987 0.850820179510987 0.851129681213247 0.850510677808728 0.853915196533581 0.862271742494584 0.862890745899102 0.874651810584958 0.874651810584958 0.874651810584958
45 0.539851075565361 0.54253998896856 0.541436845008274 0.543712079426365 0.546469939327082 0.477937120794264 0.473524544953116 0.47242140099283 0.48703805846663 0.485934914506343 0.48503861003861 0.483452840595698 0.477316602316602 0.475523993381136 0.473455598455598 0.472628240485383 0.471800882515168 0.468698290126862 0.465319911748483 0.473248758963045 0.470973524544953 0.469870380584666 0.470215113072256 0.467112520683949 0.46676778819636 0.468008825151682 0.466629895201324 0.4680777716492 0.465595697738555 0.465113072255929
46 0.930753126075485 0.930667087300677 0.930638407709074 0.928745554663302 0.925088906733968 0.924859470001147 0.91754617414248 0.917173339451646 0.916986922106229 0.916986922106229 0.917087300676838 0.917144659860044 0.915366525180681 0.915409544568085 0.918033727199725 0.918980153722611 0.919983939428702 0.921016404726397 0.921073763909602 0.921102443501205 0.921188482276012 0.921145462888608 0.922077549615693 0.917847309854308 0.91787598944591 0.925031547550763 0.914463118045199 0.915452563955489 0.9155672823219 0.916427670069978
47 0.976689976689977 0.979020979020979 0.983682983682984 0.988344988344988 0.988344988344988 0.988344988344988 0.988344988344988 0.988344988344988 0.988344988344988 0.988344988344988 0.988344988344988 0.988344988344988 0.988344988344988 0.990675990675991 0.990675990675991 0.990675990675991 0.990675990675991 0.990675990675991 0.990675990675991 0.990675990675991 0.990675990675991 0.990675990675991 0.990675990675991 0.990675990675991 0.990675990675991 0.990675990675991 0.990675990675991 0.990675990675991 0.990675990675991 0.990675990675991
48 0.671682163989856 0.66458157227388 0.637024513947591 0.630431107354184 0.618934911242604 0.600169061707523 0.595266272189349 0.586306001690617 0.576500422654269 0.573288250211327 0.578021978021978 0.583939137785292 0.586813186813187 0.58698224852071 0.585291631445478 0.582586644125106 0.584108199492815 0.639391377852916 0.636010143702451 0.638884192730347 0.628402366863905 0.61876584953508 0.619611158072697 0.620118343195266 0.617244294167371 0.618596787827557 0.61251056635672 0.608114961961116 0.61200338123415 0.602704987320372
49 0.932378679395386 0.933969769291965 0.899761336515513 0.908512330946698 0.901352426412092 0.902943516308671 0.904534606205251 0.896579156722355 0.891805887032617 0.894192521877486 0.894192521877486 0.894192521877486 0.894988066825776 0.894988066825776 0.896579156722355 0.896579156722355 0.896579156722355 0.896579156722355 0.900556881463803 0.900556881463803 0.901352426412092 0.902943516308671 0.902943516308671 0.874303898170247 0.875894988066826 0.875894988066826 0.875894988066826 0.875894988066826 0.875894988066826 0.876690533015115
50 0.561533052039381 0.55239099859353 0.548523206751055 0.456399437412096 0.459563994374121 0.460970464135021 0.461673699015471 0.465893108298172 0.467651195499297 0.470815752461322 0.482067510548523 0.483825597749648 0.486286919831224 0.486638537271449 0.491561181434599 0.494022503516174 0.504571026722925 0.506329113924051 0.506329113924051 0.509845288326301 0.511251758087201 0.513009845288326 0.514767932489452 0.516877637130802 0.516877637130802 0.518284106891702 0.520042194092827 0.528481012658228 0.527777777777778 0.530239099859353
51 0.869806748275648 0.856098924998447 0.87666687379606 0.870415708693221 0.880320636301497 0.887901572112098 0.884247809606661 0.884222954079413 0.88105387435531 0.878021500031069 0.878108494376437 0.87789722239483 0.882060523208849 0.879935375629155 0.87953768719319 0.881128440937053 0.883464860498353 0.879040576648232 0.878630460448642 0.878220344249052 0.878021500031069 0.878294910830796 0.877636239358727 0.876865718014043 0.876816006959548 0.878021500031069 0.877598956067856 0.878468899521531 0.879400981793326 0.880730752501087
52 0.767777275239962 0.807930046736017 0.795768631589527 0.808131061862405 0.806623448414493 0.808935122367958 0.804764058495402 0.811950349263782 0.814161515654053 0.813608724056485 0.819438162721745 0.820845268606463 0.81541786019398 0.816523443389115 0.808633599678376 0.796271169405498 0.792652897130509 0.791446806372179 0.78818031056837 0.797024976129454 0.794261018141615 0.806623448414493 0.805970149253731 0.795668124026333 0.796522438313483 0.798884366048545 0.798783858485351 0.791999597969747 0.789838685361073 0.786672697120458
53 0.837933884297521 0.843057851239669 0.847685950413223 0.848925619834711 0.850661157024793 0.851074380165289 0.814628099173554 0.8 0.823305785123967 0.863305785123967 0.864132231404959 0.864214876033058 0.864380165289256 0.865371900826446 0.866942148760331 0.867438016528926 0.867851239669421 0.868099173553719 0.868347107438017 0.868429752066116 0.868429752066116 0.86900826446281 0.870826446280992 0.870909090909091 0.870909090909091 0.870909090909091 0.870909090909091 0.870909090909091 0.884214876033058 0.884462809917355
54 0.962877658853814 0.962461532506242 0.962093792943271 0.962084115586351 0.96203572880175 0.961871213734105 0.961871213734105 0.961871213734105 0.961871213734105 0.961871213734105 0.961871213734105 0.961871213734105 0.961871213734105 0.961871213734105 0.961871213734105 0.961871213734105 0.961871213734105 0.961871213734105 0.961871213734105 0.961871213734105 0.961871213734105 0.963071205992219 0.964290552964174 0.964290552964174 0.964290552964174 0.964290552964174 0.965500222579209 0.965509899936129 0.965509899936129 0.965509899936129
55 0.527681660899654 0.510957324106113 0.515570934256055 0.516724336793541 0.565167243367935 0.583044982698962 0.562283737024221 0.558823529411765 0.544982698961938 0.542099192618224 0.544405997693195 0.550749711649366 0.553056516724337 0.611880046136101 0.617647058823529 0.681084198385236 0.715109573241061 0.713956170703576 0.735294117647059 0.672433679354095 0.674740484429066 0.65282583621684 0.660899653979239 0.653979238754325 0.653402537485582 0.656286043829296 0.653402537485582 0.656286043829296 0.651672433679354 0.65282583621684
56 0.889213775178687 0.883690708252112 0.896686159844055 0.892137751786875 0.891163092917479 0.891163092917479 0.889863547758285 0.892137751786875 0.891163092917479 0.891163092917479 0.889538661468486 0.88856400259909 0.885964912280702 0.900584795321637 0.898960363872645 0.898960363872645 0.899285250162443 0.898310591293047 0.895711500974659 0.895711500974659 0.901234567901235 0.903183885640026 0.908382066276803 0.930799220272905 0.930799220272905 0.9317738791423 0.919428200129955 0.922027290448343 0.922352176738142 0.923001949317739
57 0.90070577345829 0.89929422654171 0.899155385861391 0.910794862894828 0.896656253615643 0.898576883026727 0.90204790003471 0.900381811870878 0.902140460488256 0.901168575726021 0.90278838366308 0.904639592734004 0.906976744186046 0.912484091172047 0.92005090824945 0.926946662038644 0.913409695707509 0.915700566932778 0.918338539858845 0.915931968066644 0.916741872035173 0.916950133055652 0.919032743260442 0.921161633692005 0.924123568205484 0.917412935323383 0.915422885572139 0.926159898183501 0.931065602221451 0.923915307185005
58 0.671682163989856 0.66458157227388 0.637024513947591 0.630431107354184 0.618934911242604 0.600169061707523 0.595266272189349 0.586306001690617 0.576500422654269 0.573288250211327 0.578021978021978 0.583939137785292 0.586813186813187 0.58698224852071 0.585291631445478 0.582586644125106 0.584108199492815 0.639391377852916 0.636010143702451 0.638884192730347 0.628402366863905 0.61876584953508 0.619611158072697 0.620118343195266 0.617244294167371 0.618596787827557 0.61251056635672 0.608114961961116 0.61200338123415 0.602704987320372
59 0.81810766721044 0.808319738988581 0.798327895595432 0.768760195758564 0.76141924959217 0.759380097879282 0.758768352365416 0.758768352365416 0.760603588907015 0.75978792822186 0.760195758564437 0.753466557911909 0.752243066884176 0.750815660685155 0.748980424143556 0.748980424143556 0.750203915171289 0.752446982055465 0.752446982055465 0.751427406199021 0.747145187601958 0.748164763458401 0.74673735725938 0.745309951060359 0.747960848287113 0.747756933115824 0.747756933115824 0.747145187601958 0.750407830342578 0.746329526916803
60 0.954721694553592 0.953628769939369 0.952405735252023 0.951989383018033 0.951286788623175 0.950558172213693 0.950584194228317 0.950037731921205 0.94964740170184 0.949465247599469 0.94941320357022 0.955580421036197 0.966457623149184 0.970569101459835 0.970673189518332 0.972156444351922 0.972156444351922 0.972260532410419 0.972286554425044 0.972286554425044 0.973483567097765 0.973509589112389 0.973535611127013 0.973561633141638 0.973925941346379 0.974576491711988 0.974628535741237 0.974628535741237 0.975227042077598 0.976710296911187
