"ids" "nef_1" "nef_2" "nef_3" "nef_4" "nef_5" "nef_6" "nef_7" "nef_8" "nef_9" "nef_10" "nef_11" "nef_12" "nef_13" "nef_14" "nef_15" "nef_16" "nef_17" "nef_18" "nef_19" "nef_20" "nef_21" "nef_22" "nef_23" "nef_24" "nef_25" "nef_26" "nef_27" "nef_28" "nef_29" "nef_30"
1 0.603835978835979 0.603835978835979 0.603835978835979 0.607005291005291 0.610174603174603 0.607005291005291 0.607005291005291 0.613343915343916 0.607005291005291 0.613343915343916 0.607005291005291 0.616513227513228 0.626021164021164 0.607005291005291 0.616513227513228 0.61968253968254 0.622851851851852 0.613343915343916 0.626021164021164 0.61968253968254 0.61968253968254 0.61968253968254 0.622851851851852 0.645037037037037 0.629190476190476 0.641867724867725 0.635529100529101 0.648206349206349 0.648206349206349 0.641867724867725
2 0.839261363636363 0.839261363636363 0.837954545454545 0.837954545454545 0.836647727272727 0.845795454545454 0.831420454545454 0.839261363636363 0.836647727272727 0.828806818181818 0.837954545454545 0.826193181818182 0.832727272727273 0.828806818181818 0.828806818181818 0.819659090909091 0.826193181818182 0.824886363636364 0.826193181818182 0.814431818181818 0.819659090909091 0.817045454545455 0.811818181818182 0.823579545454545 0.822272727272727 0.810511363636364 0.813125 0.807897727272727 0.811818181818182 0.830113636363636
3 0.518967661691542 0.528834991708126 0.506633499170812 0.523901326699834 0.511567164179104 0.523901326699834 0.528834991708126 0.541169154228856 0.548569651741293 0.573237976782753 0.553503316749585 0.548569651741293 0.543635986733002 0.560903814262023 0.583105306799337 0.551036484245439 0.583105306799337 0.565837479270315 0.585572139303483 0.580638474295191 0.580638474295191 0.60530679933665 0.575704809286899 0.588038971807629 0.59297263681592 0.627508291873964 0.595439469320067 0.565837479270315 0.642309286898839 0.61764096185738
4 0.72262118491921 0.72262118491921 0.72262118491921 0.733716337522442 0.72262118491921 0.72262118491921 0.72262118491921 0.72262118491921 0.72262118491921 0.733716337522442 0.72262118491921 0.72262118491921 0.72262118491921 0.72262118491921 0.755906642728905 0.72262118491921 0.72262118491921 0.72262118491921 0.733716337522442 0.733716337522442 0.72262118491921 0.733716337522442 0.733716337522442 0.744811490125673 0.733716337522442 0.733716337522442 0.72262118491921 0.733716337522442 0.744811490125673 0.744811490125673
5 0.519188405797102 0.570968115942029 0.58576231884058 0.578365217391305 0.600556521739131 0.593159420289855 0.622747826086957 0.600556521739131 0.630144927536232 0.630144927536232 0.630144927536232 0.667130434782609 0.652336231884058 0.630144927536232 0.667130434782609 0.689321739130435 0.711513043478261 0.68192463768116 0.68192463768116 0.69671884057971 0.674527536231884 0.667130434782609 0.726307246376812 0.69671884057971 0.68192463768116 0.704115942028986 0.69671884057971 0.718910144927536 0.711513043478261 0.689321739130435
6 0.655985037406484 0.667082294264339 0.662643391521197 0.660423940149626 0.667082294264339 0.662643391521197 0.662643391521197 0.658204488778055 0.655985037406484 0.658204488778055 0.653765586034913 0.675960099750624 0.673740648379053 0.66930174563591 0.658204488778055 0.653765586034913 0.675960099750624 0.662643391521197 0.675960099750624 0.675960099750624 0.675960099750624 0.68927680798005 0.68927680798005 0.660423940149626 0.682618453865337 0.680399002493766 0.671521197007481 0.673740648379053 0.682618453865337 0.671521197007481
7 0.815134099616858 0.815134099616858 0.815134099616858 0.815134099616858 0.815134099616858 0.822528735632184 0.815134099616858 0.822528735632184 0.82992337164751 0.815134099616858 0.82992337164751 0.815134099616858 0.822528735632184 0.815134099616858 0.815134099616858 0.815134099616858 0.822528735632184 0.822528735632184 0.822528735632184 0.822528735632184 0.822528735632184 0.829923371647509 0.82992337164751 0.815134099616858 0.815134099616858 0.837318007662835 0.822528735632184 0.859501915708812 0.815134099616858 0.822528735632184
8 0.62962962962963 0.625925925925926 0.62962962962963 0.655555555555556 0.659259259259259 0.655555555555555 0.644444444444444 0.692592592592593 0.674074074074074 0.666666666666667 0.725925925925926 0.711111111111111 0.688888888888889 0.703703703703703 0.72962962962963 0.722222222222222 0.740740740740741 0.737037037037037 0.692592592592592 0.77037037037037 0.748148148148148 0.722222222222222 0.72962962962963 0.718518518518518 0.751851851851852 0.751851851851852 0.748148148148148 0.733333333333333 0.766666666666667 0.72962962962963
9 0.534567901234568 0.537037037037037 0.535185185185185 0.54320987654321 0.549382716049383 0.55679012345679 0.551234567901234 0.557407407407407 0.549382716049383 0.543827160493827 0.57283950617284 0.567283950617284 0.556172839506173 0.596913580246913 0.59320987654321 0.569753086419753 0.593827160493827 0.606172839506173 0.605555555555556 0.603086419753086 0.596296296296296 0.591358024691358 0.62962962962963 0.653086419753086 0.603086419753086 0.619753086419753 0.619135802469136 0.633950617283951 0.614197530864197 0.621604938271605
10 0.639438757807079 0.63329718945177 0.63764746703678 0.637135669673838 0.63969465648855 0.645324427480916 0.632273594725885 0.645836224843858 0.646859819569743 0.648395211658571 0.648139312977099 0.644300832755031 0.640974149895906 0.64199774462179 0.643021339347675 0.640206453851492 0.654280881332408 0.647627515614157 0.659398854961832 0.651977793199167 0.642509541984733 0.657607564191534 0.657607564191534 0.646348022206801 0.649162907702984 0.648139312977099 0.649418806384455 0.639950555170021 0.663749132546842 0.662725537820958
11 0.675984848484848 0.679687878787879 0.672281818181818 0.675984848484848 0.670430303030303 0.677836363636364 0.675984848484848 0.672281818181818 0.677836363636363 0.674133333333333 0.681539393939394 0.677836363636363 0.677836363636363 0.672281818181818 0.685242424242424 0.670430303030303 0.679687878787879 0.688945454545455 0.683390909090909 0.681539393939394 0.675984848484848 0.6945 0.69079696969697 0.69079696969697 0.696351515151515 0.688945454545455 0.687093939393939 0.6945 0.69079696969697 0.692648484848485
12 0.749277749023668 0.766898790758952 0.760857290735426 0.764884957417776 0.782505999153061 0.769919540770715 0.77445066578836 0.774450665788359 0.766898790758952 0.777471415800122 0.79156824918835 0.810196207594222 0.80465816590599 0.790561332517762 0.807678915917753 0.795595915870701 0.804154707570696 0.823789582647156 0.806168540911871 0.810196207594222 0.81523079094716 0.826810332658919 0.841914082717734 0.842417541053028 0.837382957700089 0.82177574930598 0.851983249423611 0.83486566602362 0.842417541053028 0.831844916011857
13 0.529321546052631 0.530709978070175 0.547371162280702 0.550842242324561 0.548759594298246 0.548759594298246 0.564032346491228 0.559867050438596 0.569586074561404 0.570974506578947 0.559867050438597 0.56819764254386 0.565420778508772 0.570280290570176 0.565420778508772 0.570974506578947 0.564032346491228 0.566114994517544 0.56819764254386 0.566114994517544 0.564032346491228 0.568891858552632 0.57930509868421 0.574445586622807 0.566809210526316 0.584164610745614 0.581387746710526 0.574445586622807 0.585553042763158 0.575139802631579
14 0.583600770218229 0.580824775353017 0.583600770218229 0.583600770218229 0.575272785622593 0.580824775353017 0.586376765083441 0.580824775353017 0.591928754813864 0.580824775353017 0.583600770218229 0.580824775353017 0.578048780487805 0.580824775353017 0.586376765083441 0.586376765083441 0.580824775353017 0.591928754813864 0.580824775353017 0.586376765083441 0.583600770218229 0.591928754813864 0.575272785622593 0.591928754813864 0.591928754813864 0.6002567394095 0.589152759948652 0.608584724005135 0.608584724005135 0.605808729139923
15 0.5365965583174 0.533422562141492 0.523900573613767 0.5365965583174 0.555640535372849 0.546118546845124 0.546118546845124 0.5365965583174 0.549292543021033 0.546118546845124 0.574684512428298 0.581032504780115 0.552466539196941 0.565162523900574 0.574684512428298 0.584206500956023 0.596902485659656 0.555640535372849 0.600076481835564 0.606424474187381 0.609598470363289 0.600076481835564 0.581032504780115 0.603250478011472 0.596902485659656 0.587380497131931 0.60642447418738 0.62546845124283 0.60642447418738 0.622294455066922
16 0.634068128023052 0.635692086034784 0.625948337964392 0.619452505917464 0.62432437995266 0.59996500977668 0.630278892662344 0.623241741278172 0.629196253987856 0.637316044046516 0.632985489348564 0.62703097663888 0.62703097663888 0.627572295976124 0.624865699289904 0.655720901512812 0.631361531336832 0.636774724709272 0.641105279407224 0.644894514767932 0.644894514767932 0.64056396006998 0.6432705567562 0.625407018627148 0.640022640732737 0.664923330245961 0.648142430791396 0.658968817536277 0.672501800967377 0.664382010908717
17 0.596632996632996 0.602683501683501 0.594616161616161 0.588565656565656 0.592599326599326 0.598649831649831 0.604700336700337 0.596632996632996 0.590582491582491 0.594616161616161 0.590582491582491 0.586548821548821 0.590582491582491 0.590582491582491 0.594616161616161 0.600666666666666 0.588565656565657 0.604700336700337 0.596632996632997 0.594616161616162 0.596632996632997 0.600666666666666 0.596632996632997 0.602683501683502 0.614784511784512 0.602683501683502 0.616801346801347 0.602683501683502 0.598649831649832 0.606717171717172
18 0.665017201045824 0.668435392871887 0.685526352002202 0.692362735654328 0.659889913306729 0.665017201045824 0.67185358469795 0.651344433741571 0.646217146002477 0.661599009219761 0.678689968350076 0.651344433741571 0.682108160176139 0.661599009219761 0.676980872437044 0.680399064263107 0.695780927480391 0.659889913306729 0.663308105132792 0.694071831567359 0.653053529654603 0.668435392871886 0.68381725608917 0.687235447915233 0.692362735654328 0.680399064263107 0.690653639741296 0.687235447915233 0.699199119306454 0.680399064263107
19 0.487569464755776 0.499526177244808 0.525147704007019 0.516607195086282 0.502942380813103 0.497818075460661 0.543936823632641 0.525147704007019 0.540520620064346 0.51148288973384 0.538812518280199 0.526855805791167 0.535396314711904 0.516607195086282 0.55760163790582 0.56443404504241 0.526855805791167 0.583223164668031 0.579806961099737 0.602012284293653 0.531980111143609 0.595179877157063 0.550769230769231 0.567850248610705 0.550769230769231 0.576390757531442 0.632758116408306 0.583223164668031 0.641298625329044 0.598596080725358
20 0.749481946624804 0.749481946624804 0.745253793825222 0.743139717425432 0.737854526425955 0.724113029827316 0.734683411826269 0.738911564625851 0.743139717425432 0.727284144427002 0.728341182626897 0.730455259026688 0.725170068027211 0.713542647828362 0.715656724228153 0.731512297226583 0.718827838827839 0.695572998430141 0.70720041862899 0.721998953427525 0.721998953427525 0.717770800627944 0.712485609628467 0.715656724228153 0.747367870225013 0.729398220826792 0.735740450026164 0.709314495028781 0.732569335426478 0.731512297226583
21 0.814862542955326 0.814862542955326 0.814862542955326 0.807457044673539 0.814862542955326 0.814862542955326 0.814862542955326 0.822268041237113 0.814862542955326 0.822268041237113 0.822268041237113 0.8296735395189 0.800051546391752 0.8296735395189 0.814862542955326 0.822268041237113 0.822268041237113 0.807457044673539 0.822268041237113 0.814862542955326 0.8296735395189 0.8296735395189 0.822268041237113 0.807457044673539 0.8296735395189 0.8296735395189 0.8296735395189 0.8296735395189 0.837079037800687 0.837079037800687
22 0.715032727272727 0.710189090909091 0.703730909090909 0.692025454545454 0.684356363636363 0.692832727272727 0.690007272727273 0.699694545454545 0.690410909090909 0.700501818181818 0.677090909090909 0.692025454545454 0.695254545454545 0.694447272727273 0.678301818181818 0.684356363636363 0.6892 0.677090909090909 0.682338181818182 0.677898181818182 0.664174545454545 0.669421818181818 0.685163636363636 0.679916363636364 0.690410909090909 0.674669090909091 0.677090909090909 0.677090909090909 0.673458181818182 0.664981818181818
23 0.671668549905838 0.667231638418079 0.680542372881356 0.689416195856874 0.680542372881356 0.66279472693032 0.671668549905838 0.698290018832392 0.671668549905838 0.667231638418079 0.684979284369115 0.693853107344633 0.693853107344633 0.70716384180791 0.702726930320151 0.711600753295669 0.702726930320151 0.680542372881356 0.716037664783427 0.711600753295668 0.711600753295669 0.716037664783427 0.724911487758945 0.689416195856874 0.689416195856874 0.689416195856874 0.702726930320151 0.684979284369115 0.70716384180791 0.702726930320151
24 0.763361072584374 0.754221914008322 0.761076282940361 0.753895515487748 0.751284327323162 0.74410355987055 0.754548312528895 0.750631530282016 0.753242718446602 0.760423485899214 0.758791493296348 0.754548312528895 0.747693943596856 0.742797965788257 0.754221914008322 0.748673139158576 0.750957928802589 0.74802034211743 0.765645862228386 0.744756356911697 0.753895515487748 0.765645862228387 0.743450762829404 0.761729079981507 0.769562644475266 0.752916319926029 0.768909847434119 0.765319463707813 0.76695145631068 0.765319463707813
25 0.995556851311953 0.982227405247813 0.968897959183673 0.964454810495627 0.942239067055393 0.968897959183673 0.964454810495627 0.955568513119533 0.955568513119533 0.97334110787172 0.942239067055393 0.964454810495627 0.955568513119533 0.96001166180758 0.942239067055394 0.942239067055393 0.951125364431487 0.96001166180758 0.955568513119533 0.964454810495627 0.94668221574344 0.96001166180758 0.937795918367347 0.951125364431487 0.968897959183673 0.964454810495627 0.96001166180758 0.955568513119533 0.97334110787172 0.955568513119533
26 0.83348623853211 0.845697247706422 0.846807339449541 0.842366972477064 0.83348623853211 0.839036697247706 0.816834862385321 0.831266055045872 0.841256880733945 0.835706422018349 0.836816513761468 0.832376146788991 0.823495412844037 0.824605504587156 0.822385321100918 0.830155963302753 0.839036697247706 0.839036697247706 0.835706422018349 0.825715596330275 0.829045871559633 0.822385321100917 0.832376146788991 0.823495412844037 0.835706422018349 0.83348623853211 0.827935779816514 0.826825688073395 0.824605504587156 0.835706422018349
27 0.546270676691729 0.565308270676692 0.571654135338346 0.593864661654135 0.584345864661654 0.590691729323308 0.597037593984962 0.590691729323308 0.597037593984962 0.597037593984962 0.606556390977444 0.612902255639098 0.597037593984962 0.619248120300752 0.619248120300752 0.619248120300752 0.628766917293233 0.609729323308271 0.619248120300752 0.63193984962406 0.628766917293233 0.644631578947369 0.622421052631579 0.644631578947369 0.635112781954887 0.635112781954887 0.650977443609023 0.65415037593985 0.638285714285714 0.650977443609023
28 0.74360192253322 0.750998020921685 0.741136556403732 0.741136556403732 0.738671190274244 0.74360192253322 0.748532654792197 0.741136556403732 0.74360192253322 0.74360192253322 0.741136556403732 0.736205824144755 0.750998020921685 0.753463387051173 0.755928753180662 0.760859485439638 0.753463387051173 0.763324851569127 0.753463387051173 0.748532654792197 0.753463387051173 0.763324851569126 0.753463387051173 0.738671190274244 0.768255583828103 0.778117048346056 0.763324851569127 0.775651682216568 0.748532654792197 0.770720949957591
29 0.679717425431711 0.695572998430142 0.708257456828885 0.730455259026687 0.739968602825746 0.739968602825746 0.743139717425432 0.774850863422292 0.76850863422292 0.787535321821036 0.790706436420722 0.81607535321821 0.781193092621664 0.793877551020408 0.812904238618524 0.80021978021978 0.812904238618524 0.806562009419152 0.825588697017269 0.812904238618524 0.831930926216641 0.822417582417583 0.819246467817896 0.819246467817896 0.80021978021978 0.81607535321821 0.835102040816327 0.835102040816327 0.828759811616955 0.850957613814757
30 0.814912280701755 0.814912280701755 0.814912280701755 0.800105263157895 0.807508771929825 0.785298245614035 0.785298245614035 0.785298245614035 0.800105263157895 0.814912280701755 0.785298245614035 0.777894736842106 0.800105263157895 0.800105263157895 0.800105263157895 0.792701754385965 0.800105263157895 0.822315789473684 0.814912280701755 0.807508771929825 0.822315789473684 0.807508771929825 0.807508771929825 0.792701754385965 0.814912280701755 0.792701754385965 0.807508771929825 0.829719298245614 0.792701754385965 0.822315789473684
31 0.615284552845529 0.600487804878049 0.578292682926829 0.57089430894309 0.585691056910569 0.578292682926829 0.54869918699187 0.607886178861789 0.56349593495935 0.56349593495935 0.54130081300813 0.54869918699187 0.55609756097561 0.57089430894309 0.585691056910569 0.54869918699187 0.526504065040651 0.54130081300813 0.600487804878049 0.593089430894309 0.578292682926829 0.519105691056911 0.54869918699187 0.615284552845529 0.55609756097561 0.585691056910569 0.56349593495935 0.55609756097561 0.622682926829268 0.585691056910569
32 0.644745762711864 0.689152542372881 0.687302259887005 0.692853107344633 0.696553672316384 0.689152542372881 0.71135593220339 0.718757062146893 0.713206214689265 0.742810734463277 0.716906779661017 0.729858757062147 0.735409604519774 0.735409604519774 0.739110169491525 0.73725988700565 0.731709039548022 0.740960451977401 0.752062146892655 0.720607344632768 0.75021186440678 0.726158192090395 0.75021186440678 0.746511299435028 0.752062146892655 0.737259887005649 0.740960451977401 0.731709039548022 0.755762711864407 0.735409604519774
33 0.616888888888889 0.620444444444444 0.626666666666666 0.624 0.619555555555555 0.615111111111111 0.633777777777778 0.630222222222222 0.633777777777778 0.622222222222222 0.613333333333333 0.635555555555555 0.629333333333333 0.634666666666666 0.619555555555555 0.64 0.632 0.643555555555555 0.643555555555555 0.638222222222222 0.621333333333333 0.634666666666666 0.637333333333333 0.641777777777778 0.658666666666667 0.646222222222222 0.627555555555555 0.636444444444444 0.646222222222222 0.657777777777778
34 0.567674418604651 0.612015503875969 0.630490956072352 0.660051679586563 0.671136950904393 0.685917312661498 0.693307493540052 0.708087855297157 0.697002583979328 0.71547803617571 0.719173126614987 0.719173126614987 0.719173126614987 0.733953488372093 0.730258397932816 0.72656330749354 0.722868217054263 0.72656330749354 0.733953488372093 0.737648578811369 0.745038759689922 0.733953488372093 0.745038759689922 0.733953488372093 0.756124031007751 0.737648578811369 0.756124031007751 0.737648578811369 0.767209302325581 0.759819121447028
35 0.724711003627569 0.733591293833132 0.731371221281741 0.735811366384522 0.729891172914147 0.735811366384522 0.720270858524788 0.732851269649335 0.746911729141475 0.746171704957678 0.73877146311971 0.732111245465538 0.743211608222491 0.723970979443773 0.730631197097944 0.736551390568319 0.72693107617896 0.741731559854897 0.754311970979444 0.719530834340991 0.740251511487303 0.743211608222491 0.768372430471584 0.730631197097944 0.728411124546554 0.740251511487304 0.747651753325272 0.743951632406288 0.742471584038694 0.749131801692866
36 0.444444444444445 0.444444444444445 0.444444444444445 0.466666666666667 0.466666666666667 0.466666666666667 0.444444444444445 0.444444444444445 0.444444444444445 0.444444444444445 0.444444444444445 0.444444444444445 0.466666666666667 0.466666666666667 0.466666666666667 0.488888888888889 0.488888888888889 0.511111111111111 0.444444444444445 0.444444444444445 0.466666666666667 0.466666666666667 0.466666666666667 0.488888888888889 0.511111111111111 0.444444444444445 0.444444444444445 0.466666666666667 0.444444444444445 0.488888888888889
37 0.888903924221921 0.880016238159675 0.888903924221921 0.884460081190798 0.884460081190798 0.884460081190798 0.880016238159675 0.884460081190798 0.880016238159675 0.875572395128552 0.884460081190798 0.893347767253045 0.897791610284168 0.871128552097429 0.875572395128552 0.897791610284168 0.911123139377537 0.893347767253045 0.880016238159675 0.880016238159675 0.880016238159675 0.893347767253044 0.884460081190798 0.897791610284168 0.897791610284168 0.888903924221921 0.893347767253044 0.888903924221921 0.893347767253045 0.888903924221921
38 0.722451790633609 0.722451790633609 0.722451790633609 0.722451790633609 0.733553719008265 0.722451790633609 0.722451790633609 0.722451790633609 0.722451790633609 0.722451790633609 0.722451790633609 0.722451790633609 0.733553719008265 0.722451790633609 0.733553719008265 0.722451790633609 0.733553719008265 0.74465564738292 0.722451790633609 0.733553719008265 0.722451790633609 0.722451790633609 0.74465564738292 0.733553719008265 0.733553719008265 0.733553719008265 0.74465564738292 0.722451790633609 0.733553719008265 0.766859504132232
39 0.584027777777778 0.584027777777778 0.600666666666666 0.584027777777778 0.584027777777778 0.59512037037037 0.59512037037037 0.606212962962963 0.617305555555555 0.606212962962963 0.600666666666666 0.59512037037037 0.584027777777778 0.589574074074074 0.606212962962963 0.59512037037037 0.600666666666666 0.606212962962963 0.589574074074074 0.589574074074074 0.65612962962963 0.606212962962963 0.622851851851852 0.639490740740741 0.622851851851852 0.617305555555555 0.606212962962963 0.606212962962963 0.617305555555555 0.606212962962963
40 0.778096947935368 0.771439856373429 0.769220825852783 0.775877917414721 0.773658886894075 0.769220825852783 0.769220825852783 0.769220825852783 0.769220825852783 0.778096947935368 0.771439856373429 0.773658886894075 0.76478276481149 0.771439856373429 0.76478276481149 0.755906642728905 0.767001795332136 0.762563734290843 0.771439856373429 0.771439856373429 0.778096947935368 0.76478276481149 0.773658886894075 0.771439856373429 0.769220825852783 0.771439856373429 0.780315978456014 0.778096947935368 0.775877917414721 0.76478276481149
41 0.586356888361045 0.583580760095012 0.597461401425178 0.597461401425178 0.605789786223278 0.608565914489311 0.614118171021378 0.622446555819477 0.608565914489311 0.630774940617577 0.630774940617577 0.630774940617577 0.636327197149644 0.633551068883611 0.625222684085511 0.639103325415677 0.65020783847981 0.65020783847981 0.644655581947744 0.65020783847981 0.644655581947743 0.644655581947744 0.639103325415677 0.647431710213777 0.652983966745843 0.65020783847981 0.65853622327791 0.661312351543943 0.65020783847981 0.65020783847981
42 0.815322712418301 0.812709354575164 0.810095996732027 0.801384803921569 0.807918198529412 0.804869281045752 0.805304840686275 0.804869281045752 0.793109170751634 0.798335886437909 0.799207005718955 0.794851409313726 0.781349060457517 0.793109170751634 0.801384803921569 0.776122344771242 0.796158088235294 0.788753574346405 0.790060253267974 0.777429023692811 0.782220179738562 0.780042381535948 0.782655739379085 0.783526858660131 0.784397977941177 0.794851409313726 0.779606821895425 0.773073427287582 0.772637867647059 0.784833537581699
43 0.55437493868742 0.560243942317125 0.567370589581766 0.575754880481344 0.582043098656028 0.584558385925902 0.600907753180079 0.589588960465649 0.595457964095353 0.620191622249109 0.621030051339067 0.62354533860894 0.610968902259573 0.650794284032569 0.640313920408096 0.656244073117295 0.662532291291979 0.646182924037801 0.662951505836958 0.666305222196789 0.63528334586835 0.667982080376705 0.660855433112063 0.675527942186325 0.660436218567084 0.672593440371472 0.683912233085903 0.66965893855662 0.675527942186325 0.67720480036624
44 0.666666666666667 0.674074074074074 0.711111111111111 0.711111111111111 0.696296296296296 0.725925925925926 0.725925925925926 0.740740740740741 0.755555555555556 0.777777777777778 0.696296296296297 0.733333333333334 0.770370370370371 0.755555555555556 0.77037037037037 0.755555555555556 0.748148148148148 0.785185185185185 0.748148148148148 0.755555555555556 0.740740740740741 0.740740740740741 0.762962962962963 0.777777777777778 0.762962962962963 0.777777777777778 0.762962962962963 0.792592592592593 0.785185185185185 0.785185185185185
45 0.520636915985753 0.519438508275718 0.521835323695789 0.521236119840771 0.522434527550807 0.520636915985753 0.528426566100985 0.528426566100985 0.523033731405824 0.52423213911586 0.528426566100985 0.531422585376074 0.535017808506181 0.52962497381102 0.532021789231092 0.533819400796145 0.539811439346323 0.535017808506181 0.536216216216216 0.539811439346323 0.533819400796145 0.541009847056359 0.542208254766394 0.546402681751519 0.542807458621412 0.545803477896501 0.538613031636287 0.544605070186466 0.539212235491305 0.551795516446679
46 0.710290237467019 0.705277044854881 0.696569920844327 0.696042216358839 0.716094986807388 0.718997361477572 0.722955145118733 0.713192612137203 0.715039577836412 0.719261213720317 0.722427440633245 0.732717678100264 0.712137203166227 0.721635883905013 0.735883905013193 0.719788918205805 0.745910290237467 0.756200527704486 0.732189973614776 0.736675461741425 0.745646437994723 0.743007915567282 0.719525065963061 0.751978891820581 0.747757255936675 0.749868073878628 0.749604221635884 0.754089709762533 0.757519788918206 0.748284960422164
47 1 1 1 1 1 1 1 1 1 1 1 1 1 1 1 1 1 1 1 1 1 1 1 1 1 1 1 1 1 1
48 0.511238591916558 0.514412367293723 0.511238591916558 0.511238591916558 0.517586142670889 0.511238591916558 0.511238591916558 0.517586142670889 0.495369715030732 0.508064816539393 0.501717265785062 0.508064816539393 0.504891041162228 0.495369715030732 0.508064816539393 0.489022164276402 0.508064816539393 0.489022164276402 0.485848388899236 0.501717265785062 0.492195939653567 0.482674613522071 0.492195939653567 0.508064816539393 0.485848388899236 0.492195939653567 0.495369715030732 0.482674613522071 0.495369715030732 0.508064816539393
49 0.814912280701755 0.800105263157895 0.763087719298246 0.785298245614035 0.770491228070176 0.763087719298246 0.785298245614035 0.763087719298246 0.755684210526316 0.770491228070176 0.814912280701755 0.770491228070176 0.800105263157895 0.770491228070176 0.763087719298246 0.770491228070176 0.748280701754386 0.740877192982456 0.748280701754386 0.785298245614035 0.755684210526316 0.770491228070176 0.792701754385965 0.814912280701755 0.822315789473684 0.785298245614035 0.785298245614035 0.800105263157895 0.792701754385965 0.807508771929825
50 0.444875776397515 0.444875776397515 0.444875776397515 0.455978260869565 0.455978260869565 0.455978260869565 0.467080745341615 0.455978260869565 0.444875776397515 0.478183229813665 0.47263198757764 0.47263198757764 0.478183229813665 0.489285714285714 0.500388198757764 0.494836956521739 0.494836956521739 0.517041925465839 0.522593167701863 0.511490683229814 0.550349378881988 0.533695652173913 0.561451863354038 0.572554347826087 0.572554347826087 0.561451863354038 0.583656832298137 0.567003105590062 0.572554347826087 0.583656832298137
51 0.790121589493943 0.778424544322427 0.784105966262878 0.779427148194271 0.777756141741198 0.783771764972263 0.786779576587796 0.79413200498132 0.793129401109476 0.794466206271935 0.786111174006566 0.792126797237631 0.797808219178082 0.781098154647345 0.79480040756255 0.792795199818861 0.800816030793615 0.802821238537303 0.800816030793615 0.798142420468697 0.794466206271935 0.815186686290049 0.802821238537303 0.824544322427261 0.801818634665459 0.80115023208423 0.808168459187139 0.815186686290049 0.822204913392958 0.798476621759312
52 0.671795865633075 0.670150732127476 0.669328165374677 0.668505598621878 0.67837639965547 0.683311800172265 0.687424633936262 0.673440999138674 0.671795865633075 0.685779500430663 0.674263565891473 0.681666666666667 0.672618432385874 0.661925064599483 0.684956933677864 0.694005167958656 0.669328165374677 0.675908699397072 0.66603789836348 0.674263565891473 0.675908699397071 0.662747631352282 0.693182601205857 0.685779500430663 0.666860465116279 0.675908699397072 0.675086132644272 0.674263565891473 0.674263565891473 0.675908699397072
53 0.753631067961165 0.756660194174757 0.748582524271845 0.763728155339806 0.756660194174757 0.741514563106796 0.745553398058253 0.751611650485437 0.744543689320389 0.745553398058252 0.743533980582524 0.709203883495146 0.74252427184466 0.738485436893204 0.732427184466019 0.744543689320389 0.751611650485437 0.741514563106796 0.730407766990291 0.752621359223301 0.719300970873787 0.74252427184466 0.739495145631068 0.727378640776699 0.74252427184466 0.730407766990291 0.756660194174757 0.749592233009709 0.752621359223301 0.734446601941748
54 0.954718112754898 0.95201919232307 0.95171931227509 0.934026389444222 0.944822071171531 0.933726509396242 0.925329868052779 0.931627349060376 0.931627349060376 0.924430227908836 0.922630947620952 0.930427828868453 0.932526989204318 0.937624950019992 0.930727708916433 0.925929628148741 0.922630947620952 0.937325069972011 0.934026389444222 0.926829268292683 0.944522191123551 0.932227109156338 0.928928428628549 0.93702518992403 0.923230707716913 0.942423030787685 0.92952818872451 0.937624950019992 0.937924830067973 0.93672530987605
55 0.444550669216061 0.444550669216061 0.444550669216061 0.45195666029318 0.444550669216061 0.4593626513703 0.4593626513703 0.474174633524538 0.4593626513703 0.45195666029318 0.444550669216061 0.503798597833015 0.481580624601657 0.4593626513703 0.474174633524538 0.45195666029318 0.474174633524538 0.474174633524538 0.45195666029318 0.496392606755896 0.474174633524538 0.4593626513703 0.526016571064372 0.488986615678776 0.4593626513703 0.481580624601657 0.481580624601657 0.444550669216061 0.4593626513703 0.496392606755896
56 0.667307692307693 0.648824786324786 0.667307692307693 0.696880341880342 0.700576923076923 0.693183760683761 0.693183760683761 0.711666666666667 0.726452991452991 0.715363247863248 0.707970085470086 0.711666666666667 0.733846153846154 0.741239316239316 0.72275641025641 0.726452991452991 0.72275641025641 0.72275641025641 0.72275641025641 0.719059829059829 0.726452991452991 0.741239316239316 0.733846153846154 0.737542735042735 0.726452991452991 0.733846153846154 0.741239316239316 0.744935897435897 0.726452991452991 0.741239316239316
57 0.750658253195799 0.737063822851422 0.745684681118588 0.740711109041377 0.736069108435979 0.74502153817496 0.723800963978858 0.746016252590402 0.735405965492351 0.734742822548723 0.747674109949473 0.735737536964165 0.742700537872261 0.738390108738678 0.723137821035229 0.742368966400447 0.723469392507044 0.718164248958018 0.742700537872261 0.717832677486204 0.747342538477659 0.730100821943326 0.71915896337346 0.736400679907793 0.743363680815889 0.715180105711691 0.734742822548723 0.724464106922486 0.726121964281556 0.720153677788903
58 0.523933693425219 0.511238591916558 0.517586142670889 0.511238591916558 0.514412367293723 0.511238591916558 0.498543490407897 0.508064816539393 0.504891041162228 0.514412367293723 0.489022164276402 0.514412367293723 0.485848388899236 0.501717265785062 0.492195939653567 0.508064816539393 0.501717265785062 0.501717265785062 0.485848388899236 0.482674613522071 0.495369715030732 0.511238591916558 0.498543490407897 0.492195939653567 0.501717265785062 0.504891041162228 0.489022164276401 0.492195939653567 0.498543490407897 0.489022164276402
59 0.51675313059034 0.519530411449016 0.547303220035778 0.541748658318426 0.541748658318426 0.544525939177102 0.55285778175313 0.588962432915921 0.555635062611807 0.594516994633274 0.594516994633274 0.602848837209302 0.59729427549195 0.633398926654741 0.594516994633274 0.622289803220036 0.627844364937388 0.636176207513417 0.627844364937388 0.633398926654741 0.633398926654741 0.641730769230769 0.652839892665474 0.638953488372093 0.622289803220036 0.65561717352415 0.652839892665474 0.65561717352415 0.65561717352415 0.644508050089445
60 0.90434845212383 0.895176385889129 0.886441084713223 0.895176385889129 0.884257259419246 0.880326373890089 0.875521958243341 0.881199904007679 0.885130789536837 0.889061675065995 0.875085193184545 0.875085193184545 0.884257259419246 0.877269018478522 0.879016078713703 0.886004319654428 0.889935205183586 0.877705783537317 0.875958723302136 0.896486681065515 0.897360211183105 0.884694024478042 0.881199904007679 0.893429325653948 0.890808735301176 0.89604991600672 0.902601391888649 0.899980801535877 0.897796976241901 0.88949844012479
