"ids" "roc_1" "roc_2" "roc_3" "roc_4" "roc_5" "roc_6" "roc_7" "roc_8" "roc_9" "roc_10" "roc_11" "roc_12" "roc_13" "roc_14" "roc_15" "roc_16" "roc_17" "roc_18" "roc_19" "roc_20"
0.768822393822394 0.763272200772201 0.755067567567568 0.757722007722008 0.763754826254826 0.767374517374517 0.766891891891892 0.768339768339768 0.768581081081081 0.813947876447876 0.815395752895753 0.81780888030888 0.82046332046332 0.839285714285714 0.840250965250965 0.838079150579151 0.838320463320463 0.838320463320463 0.838320463320463 0.840250965250965 0.837596525096525
0.918108419838524 0.891041906958862 0.883506343713956 0.879123414071511 0.881199538638985 0.864282968089196 0.878892733564014 0.884736639753941 0.887889273356401 0.884044598231449 0.809688581314879 0.802537485582468 0.830911188004614 0.828681276432141 0.82798923490965 0.824298346789696 0.820838139177239 0.822452902729719 0.821376393694733 0.821683967704729 0.804844290657439
0.614903299203641 0.633674630261661 0.64069017823284 0.643534319302237 0.659651118695487 0.686006825938567 0.660788775123246 0.674819871065605 0.679180887372014 0.45544178991278 0.459992415623815 0.443875616230565 0.441600303375047 0.425483503981797 0.416003033750474 0.416951080773606 0.416382252559727 0.425673113386424 0.417140690178233 0.413348502085703 0.411831626848692
0.799512987012987 0.810064935064935 0.811688311688312 0.75487012987013 0.758928571428571 0.756493506493507 0.771915584415584 0.772727272727273 0.75487012987013 0.761363636363636 0.786525974025974 0.788961038961039 0.805194805194805 0.814935064935065 0.823051948051948 0.826298701298701 0.834415584415584 0.837662337662338 0.840097402597403 0.839285714285714 0.839285714285714
0.711286089238845 0.698687664041995 0.710236220472441 0.731233595800525 0.728608923884514 0.710236220472441 0.722309711286089 0.746981627296588 0.765879265091863 0.779527559055118 0.769028871391076 0.772178477690289 0.758005249343832 0.710236220472441 0.72755905511811 0.731758530183727 0.737007874015748 0.736482939632546 0.746456692913386 0.759580052493438 0.70498687664042
0.888965517241379 0.872413793103448 0.877701149425287 0.889885057471264 0.893103448275862 0.928275862068966 0.92 0.921149425287356 0.921609195402299 0.907126436781609 0.888505747126437 0.888735632183908 0.898620689655172 0.89816091954023 0.897701149425287 0.898850574712644 0.905747126436782 0.909885057471264 0.922528735632184 0.922068965517241 0.905747126436782
0.97974537037037 0.97974537037037 0.983217592592593 0.986689814814815 0.978009259259259 0.977430555555556 0.978587962962963 0.97974537037037 0.981481481481482 0.983217592592593 0.984375 0.984375 0.984375 0.986111111111111 0.977430555555556 0.982060185185185 0.980902777777778 0.980902777777778 0.980324074074074 0.982060185185185 0.984375
0.90628507295174 0.887485970819304 0.89337822671156 0.896184062850729 0.892817059483726 0.885521885521885 0.87682379349046 0.850448933782267 0.835858585858586 0.834175084175084 0.831649831649832 0.831369248035915 0.834736251402918 0.843153759820427 0.845117845117845 0.844837261503928 0.835578002244669 0.833894500561167 0.835858585858586 0.839225589225589 0.842873176206509
0.808823529411765 0.829768270944741 0.846702317290553 0.846553773024361 0.974598930481283 0.975787284610814 0.97586155674391 0.975935828877005 0.976158645276292 0.976975638740345 0.977866904337493 0.977941176470588 0.978832442067736 0.97875816993464 0.979129530600119 0.979426619132502 0.975935828877005 0.975935828877005 0.976010101010101 0.976084373143197 0.976158645276292
0.666293983087876 0.674827151926389 0.669673837612769 0.66964813529699 0.6660241087722 0.660909347932249 0.66260570077364 0.710322050016707 0.703922173387822 0.704282005808723 0.68738273318426 0.685994808132213 0.687549798236821 0.636080910890071 0.653712699514226 0.780849204513327 0.813092759657645 0.817603516076798 0.814185108078238 0.800871308504896 0.791245791245791
0.888007790762382 0.893155258764608 0.899693934335003 0.901780745687257 0.906928213689483 0.911519198664441 0.920840289371174 0.927935447968837 0.924457429048414 0.94268224819143 0.943238731218698 0.952281580411797 0.955620478575403 0.969254312743461 0.971062882582081 0.9720367278798 0.973984418475237 0.974401780745687 0.983166388425153 0.983166388425153 0.983166388425153
0.860349127182045 0.864406148807087 0.894777980422079 0.893773030111289 0.882048609818737 0.874604533442513 0.871087207354747 0.874939516879443 0.867365169166636 0.9700375925857 0.965571146759966 0.953828116276473 0.934827111326162 0.927885510105334 0.930658428555477 0.916626344586295 0.90412029627424 0.897271746008114 0.890497636505751 0.886608106599174 0.874920906688503
0.758505351681957 0.773190621814475 0.774241845056065 0.775293068297655 0.775739041794088 0.774878950050968 0.775547910295617 0.776344291539246 0.777586646279307 0.778765290519878 0.777268093781855 0.8134875127421 0.813105249745158 0.814124617737003 0.821801732925586 0.82256625891947 0.824350152905199 0.824445718654434 0.826006625891947 0.82670744138634 0.838716870540265
0.827596266044341 0.828179696616103 0.824824970828471 0.795653442240373 0.80950991831972 0.809218203033839 0.813156359393232 0.816365227537923 0.817240373395566 0.788360560093349 0.789089848308051 0.790256709451575 0.78267211201867 0.755688448074679 0.756417736289382 0.757438739789965 0.759480746791132 0.763564760793466 0.763856476079347 0.756563593932322 0.756126021003501
0.783723245395719 0.784967645594823 0.786212045793927 0.788949726231956 0.791687406669985 0.769537083125933 0.769288203086112 0.753359880537581 0.757341961174714 0.759581881533101 0.762070681931309 0.764310602289696 0.764808362369338 0.771030363364858 0.773768043802887 0.775261324041812 0.773519163763066 0.773519163763066 0.773021403683425 0.779243404678945 0.781234444997511
0.881116419411617 0.865828513955243 0.870958008549158 0.872818707568519 0.877344732210209 0.876640683932613 0.890067890369625 0.89233090269047 0.881166708574302 0.881468443550415 0.861654513452351 0.864219260749309 0.887654010560724 0.887553432235353 0.873422177520744 0.846467186321348 0.847623837063113 0.848629620316822 0.852250440030173 0.854312295700277 0.814030676389238
0.775355596784168 0.776747062461348 0.779375386518244 0.706400742115028 0.715986394557823 0.719387755102041 0.720315398886827 0.720315398886827 0.723098330241187 0.72108843537415 0.717377860235003 0.717841682127396 0.720470006184292 0.718460111317254 0.732529375386518 0.732993197278912 0.73886827458256 0.739177489177489 0.739332096474954 0.741960420531849 0.742269635126778
0.866523279352227 0.875253036437247 0.878795546558705 0.879175101214575 0.88081983805668 0.888031376518219 0.887398785425101 0.892839068825911 0.887145748987854 0.899164979757085 0.907515182186235 0.908527327935223 0.90878036437247 0.909665991902834 0.901948380566802 0.901442307692308 0.903213562753036 0.903846153846154 0.899797570850202 0.90043016194332 0.90043016194332
0.82365620369123 0.828236562036912 0.840495756432709 0.802101576182137 0.787956351879294 0.680048497911895 0.632493600969958 0.638151690691095 0.613768018321433 0.589519062373703 0.600700525394046 0.601374107503705 0.596928465579954 0.606628047959046 0.690556378822578 0.695945035699852 0.698235214872693 0.707800080829853 0.711302707800081 0.712245722753604 0.716691364677354
0.908587708587709 0.910948310948311 0.906796906796907 0.893691493691494 0.895482295482295 0.896866096866097 0.895970695970696 0.897273097273097 0.896947496947497 0.890679690679691 0.884249084249084 0.885063085063085 0.893284493284493 0.893691493691494 0.898249898249898 0.898738298738299 0.898819698819699 0.897924297924298 0.8998778998779 0.917134717134717 0.917948717948718
0.667445482866044 0.685358255451713 0.7601246105919 0.766355140186916 0.757009345794392 0.761682242990654 0.762461059190031 0.832554517133956 0.828660436137072 0.829439252336449 0.830218068535826 0.827102803738318 0.820872274143302 0.838006230529595 0.833333333333333 0.831775700934579 0.840342679127726 0.851246105919003 0.847352024922118 0.862928348909657 0.865264797507788
0.815345454545454 0.814727272727273 0.815927272727273 0.816654545454545 0.817527272727273 0.817163636363636 0.816436363636364 0.813345454545454 0.813454545454545 0.8092 0.812218181818182 0.8124 0.821890909090909 0.823345454545454 0.824618181818182 0.824545454545454 0.826072727272727 0.825963636363636 0.830254545454545 0.8308 0.829054545454545
0.972945205479452 0.976369863013699 0.976369863013699 0.979109589041096 0.982876712328767 0.983904109589041 0.983904109589041 0.98527397260274 0.982191780821918 0.982534246575342 0.982191780821918 0.982534246575342 0.982876712328767 0.983219178082192 0.983561643835617 0.983904109589041 0.983904109589041 0.984246575342466 0.99041095890411 0.99041095890411 0.99041095890411
0.934337305089732 0.935495734039423 0.930089732274198 0.934079876434245 0.938401000294204 0.937316122388938 0.936709326272433 0.929041629891144 0.935403795233892 0.939945572227126 0.940386878493675 0.941857899382171 0.942758899676375 0.941067225654604 0.941214327743454 0.940074286554869 0.941692409532215 0.942519858781995 0.942814062959694 0.943807002059429 0.943862165342748
0.99445178335535 0.99445178335535 0.99445178335535 0.994980184940555 0.994980184940555 0.994980184940555 0.994980184940555 0.994980184940555 0.995244385733157 0.995244385733157 0.996565389696169 0.996565389696169 0.996565389696169 0.996565389696169 0.996565389696169 0.996829590488772 0.996829590488772 0.970937912813738 0.975957727873184 0.979920739762219 0.980449141347424
0.804992917847026 0.741607648725212 0.741395184135977 0.745148725212465 0.782471671388102 0.755842776203966 0.756550991501416 0.759879603399433 0.7703611898017 0.774043909348442 0.76334985835694 0.761366855524079 0.761862606232295 0.761508498583569 0.758533994334278 0.754992917847025 0.755559490084986 0.756196883852691 0.75407223796034 0.752514164305949 0.753080736543909
0.944017750469363 0.945041816009558 0.948455367810207 0.951015531660693 0.949650110940434 0.950674176480628 0.95221027479092 0.954258405871309 0.954770438641406 0.960573476702509 0.960914831882574 0.962109575012801 0.962280252602833 0.956989247311828 0.94521249359959 0.947431302270012 0.952551629970985 0.953917050691244 0.953575695511179 0.956306536951698 0.957671957671958
0.794431433775696 0.811345303148582 0.811085089773614 0.83008066614624 0.83112151964611 0.824095758521988 0.82695810564663 0.821753838147281 0.912308092635961 0.911787665886027 0.907624251886547 0.913869372885766 0.913609159510799 0.915170439760604 0.909705958886287 0.893832943013271 0.894613583138173 0.896174863387978 0.897475930262815 0.952120739005985 0.952380952380952
0.73551156689721 0.902217982351538 0.901979489625566 0.896971142380157 0.892678273312664 0.895063200572383 0.879799666110184 0.868113522537563 0.8652516098259 0.903887431433341 0.907941807774863 0.940853803958979 0.917004531361793 0.917481516813737 0.918196994991653 0.918435487717625 0.920343429525399 0.914381111376103 0.914619604102075 0.914619604102075 0.979728118292392
0.853619729514718 0.853619729514718 0.855210819411297 0.851233094669849 0.853619729514718 0.84884645982498 0.855210819411297 0.853619729514718 0.893396976929197 0.889419252187749 0.891010342084328 0.9236276849642 0.9236276849642 0.917263325377884 0.917263325377884 0.921241050119332 0.928400954653938 0.929196499602227 0.932378679395386 0.933174224343675 0.934765314240255
0.709967320261438 0.723856209150327 0.655637254901961 0.662173202614379 0.671160130718954 0.675245098039216 0.660947712418301 0.664624183006536 0.659722222222222 0.666666666666667 0.695261437908497 0.689950980392157 0.693627450980392 0.707924836601307 0.711601307189543 0.713235294117647 0.720996732026144 0.699346405228758 0.703022875816993 0.709967320261438 0.718545751633987
0.83837890625 0.841959635416667 0.843912760416667 0.851236979166667 0.854654947916667 0.849609375 0.849283854166667 0.837727864583333 0.905436197916667 0.947428385416667 0.94921875 0.950846354166667 0.950846354166667 0.950846354166667 0.950846354166667 0.950846354166667 0.9501953125 0.950358072916667 0.948404947916667 0.948404947916667 0.948567708333333
0.615207207207207 0.601009009009009 0.601945945945946 0.604108108108108 0.60554954954955 0.605117117117117 0.598558558558559 0.591207207207207 0.595171171171171 0.655855855855856 0.656216216216216 0.658594594594595 0.655567567567568 0.670630630630631 0.672576576576577 0.67581981981982 0.676756756756757 0.677189189189189 0.676972972972973 0.69427027027027 0.696216216216216
0.788416075650118 0.799448384554768 0.806934594168637 0.823089046493302 0.810874704491726 0.811268715524035 0.826241134751773 0.836879432624113 0.855397951142632 0.811662726556344 0.811662726556344 0.797478329393223 0.80575256107171 0.947596532702916 0.951142631993696 0.951536643026005 0.962174940898345 0.965327029156816 0.972025216706068 0.983451536643026 0.983451536643026
0.863663663663664 0.903903903903904 0.879316816816817 0.906869369369369 0.909234234234234 0.909309309309309 0.887950450450451 0.900600600600601 0.868168168168168 0.862012012012012 0.90289039039039 0.910172672672673 0.905930930930931 0.898348348348348 0.898573573573574 0.896959459459459 0.906831831831832 0.906831831831832 0.907507507507508 0.881944444444444 0.89451951951952
0.735524256651017 0.713615023474178 0.701095461658842 0.694835680751174 0.776212832550861 0.769953051643192 0.763693270735524 0.752738654147105 0.719874804381847 0.705790297339593 0.693270735524257 0.687010954616588 0.669796557120501 0.661971830985915 0.625978090766823 0.608763693270736 0.597809076682316 0.588419405320814 0.602503912363067 0.583724569640063 0.55868544600939
0.895098039215686 0.888970588235294 0.889950980392157 0.890441176470588 0.889460784313726 0.887745098039216 0.862990196078431 0.862009803921569 0.861764705882353 0.8625 0.868382352941176 0.869607843137255 0.867647058823529 0.868627450980392 0.866176470588235 0.865196078431373 0.863235294117647 0.862745098039216 0.862254901960784 0.863235294117647 0.863725490196078
0.5785536159601 0.592269326683292 0.612219451371571 0.619700748129676 0.571072319201995 0.567331670822943 0.569825436408978 0.571072319201995 0.574812967581047 0.577306733167082 0.582294264339152 0.592269326683292 0.593516209476309 0.596009975062344 0.597256857855362 0.597256857855362 0.591022443890274 0.596009975062344 0.597256857855362 0.593516209476309 0.584788029925187
0.833613445378151 0.834873949579832 0.835714285714286 0.822689075630252 0.819747899159664 0.830252100840336 0.810084033613445 0.818487394957983 0.823949579831933 0.829411764705882 0.829831932773109 0.835294117647059 0.839915966386555 0.845378151260504 0.950420168067227 0.948319327731092 0.947899159663866 0.947899159663866 0.947478991596639 0.95 0.949579831932773
0.951973684210526 0.953947368421053 0.953125 0.974177631578947 0.974506578947368 0.983059210526316 0.983059210526316 0.983552631578947 0.984868421052632 0.9875 0.987664473684211 0.987664473684211 0.987664473684211 0.987828947368421 0.988157894736842 0.988157894736842 0.988157894736842 0.988157894736842 0.988157894736842 0.988322368421053 0.988322368421053
0.733953613807983 0.735167206040993 0.736380798274002 0.744336569579288 0.760517799352751 0.759573894282632 0.76024811218986 0.754045307443366 0.754584681769148 0.755258899676375 0.75512405609493 0.755798274002157 0.759843581445523 0.759304207119741 0.760113268608414 0.754854368932039 0.755933117583603 0.756877022653722 0.757686084142395 0.758090614886731 0.758764832793959
0.944354799276319 0.944403696640751 0.943914722996431 0.945430541293824 0.946970808273434 0.953547503789546 0.95733704953303 0.957752677130703 0.957263703486382 0.958388342868319 0.957190357439734 0.959341841474745 0.959904161165713 0.959464084885825 0.956090166740013 0.959635225661337 0.960001955894577 0.959928609847929 0.962397926751748 0.961346633416459 0.959757469072417
0.788024643819792 0.792645360030805 0.802336028751123 0.794795276601207 0.846617892439995 0.925266332948274 0.925394686176357 0.926228982158901 0.923629829290207 0.948402002310358 0.949011680143756 0.958670260557053 0.958702348864074 0.958894878706199 0.959119496855346 0.960435117443204 0.960467205750225 0.96168656141702 0.961750738031061 0.961975356180208 0.961750738031061
0.924481584648716 0.929743113587125 0.926029093160012 0.928195605075828 0.928505106778087 0.928505106778087 0.930052615289384 0.930052615289384 0.930981120396162 0.93190962550294 0.94645620550913 0.94676570721139 0.945218198700093 0.945218198700093 0.94645620550913 0.950170225936243 0.950170225936243 0.950170225936243 0.949860724233983 0.949860724233983 0.950479727638502
0.503102592388307 0.500137892995036 0.499586321014892 0.49834528405957 0.489106453392168 0.490416436845008 0.497173193601765 0.495380584666299 0.49069222283508 0.488761720904578 0.487175951461666 0.508204633204633 0.507722007722008 0.488830667402096 0.533714837286266 0.53757584114727 0.592043574186431 0.589906232763376 0.590250965250965 0.592526199669057 0.590113072255929
0.925691178157623 0.926580245497304 0.925949294482047 0.926049673052656 0.926221750602271 0.927182516920959 0.928028564873236 0.928673855684295 0.928903292417116 0.929290466903751 0.930093495468625 0.930408970976253 0.930437650567856 0.931082941378915 0.931298038315934 0.931570494436159 0.932172765859814 0.932961454628886 0.933850521968567 0.934624870941838 0.935169783182287
0.995337995337995 0.995337995337995 0.995337995337995 1 1 1 1 1 1 1 1 1 1 1 1 1 1 1 1 1 1
0.69687235841082 0.703465765004227 0.694336432797971 0.692138630600169 0.694843617920541 0.685207100591716 0.68334742180896 0.682671174978867 0.686897717666948 0.691969568892646 0.690448013524937 0.690786136939983 0.698055790363483 0.699915469146238 0.675401521555368 0.677261200338123 0.680980557903635 0.661031276415892 0.65883347421809 0.650211327134404 0.631952662721893
0.801909307875895 0.821797931583134 0.833731105807478 0.827366746221161 0.836913285600636 0.828957836117741 0.845664280031822 0.859188544152745 0.825775656324582 0.865552903739061 0.884645982498011 0.884645982498011 0.891010342084328 0.898965791567224 0.902147971360382 0.902147971360382 0.906921241050119 0.90612569610183 0.880668257756563 0.880668257756563 0.880668257756563
0.565049226441631 0.569971870604782 0.577004219409283 0.577707454289733 0.579113924050633 0.577707454289733 0.579113924050633 0.590365682137834 0.594585091420535 0.60407876230661 0.605485232067511 0.608298171589311 0.608649789029536 0.610759493670886 0.611462728551336 0.614275668073136 0.614978902953586 0.616385372714487 0.619198312236287 0.626230661040788 0.631856540084388
0.905238302367489 0.904853041695147 0.901572112098428 0.902031939352513 0.902752749642702 0.902901882806189 0.904629341949916 0.904778475113403 0.903908531659728 0.904107375877711 0.90505188591313 0.904455353259181 0.904343503386566 0.904629341949916 0.905325296712857 0.905635990803455 0.90726402783819 0.908444665382464 0.90855651525508 0.908724290064003 0.908724290064003
0.807578270264837 0.807226493793658 0.80838233077039 0.806723955977687 0.809538167747123 0.808131061862405 0.810342228252676 0.806975224885673 0.803407206392281 0.762249359264285 0.764963063470526 0.776621940801045 0.779536660133675 0.764862555907332 0.774260013065983 0.769586411377456 0.720840243228303 0.719935675159556 0.727272727272727 0.716015880194985 0.713503191115131
0.86404958677686 0.847438016528926 0.844214876033058 0.83099173553719 0.821404958677686 0.821818181818182 0.829669421487603 0.894710743801653 0.90198347107438 0.906363636363636 0.903719008264463 0.881900826446281 0.877272727272727 0.899338842975207 0.915123966942149 0.915123966942149 0.915289256198347 0.913719008264463 0.913801652892562 0.914380165289256 0.912148760330579
0.977267888594267 0.977277565951187 0.977306598021948 0.977606596086477 0.977790465867962 0.977819497938723 0.977780788511042 0.977771111154122 0.977771111154122 0.977780788511042 0.977838852652564 0.977838852652564 0.977877562080245 0.977896916794085 0.977896916794085 0.978458203495461 0.978458203495461 0.978477558209302 0.978477558209302 0.978477558209302 0.978477558209302
0.640138408304498 0.637831603229527 0.655132641291811 0.676470588235294 0.690311418685121 0.72318339100346 0.728950403690888 0.743944636678201 0.747404844290657 0.762975778546713 0.77681660899654 0.779700115340254 0.788350634371396 0.772202998846597 0.778546712802768 0.784313725490196 0.619377162629758 0.630334486735871 0.632641291810842 0.641868512110727 0.649365628604383
0.646523716699155 0.62508122157245 0.610461338531514 0.632553606237817 0.63417803768681 0.635477582846004 0.626705653021442 0.4772579597141 0.482131254061079 0.483755685510071 0.462313190383366 0.468810916179337 0.475633528265107 0.476608187134503 0.476933073424301 0.478557504873294 0.475633528265107 0.598115659519168 0.429174788823912 0.603313840155945 0.601039636127355
0.96466504685873 0.964109684137452 0.964942728219368 0.963415480735856 0.964989008446141 0.963970843457133 0.964341085271318 0.96452620617841 0.965590651394192 0.966261714682402 0.967117898877704 0.967927802846234 0.967927802846234 0.967927802846234 0.968136063866713 0.968159203980099 0.968413745227352 0.968714566701377 0.968853407381696 0.968922827721856 0.969015388175402
0.69687235841082 0.703465765004227 0.694336432797971 0.692138630600169 0.694843617920541 0.685207100591716 0.68334742180896 0.682671174978867 0.686897717666948 0.691969568892646 0.690448013524937 0.690786136939983 0.698055790363483 0.699915469146238 0.675401521555368 0.677261200338123 0.680980557903635 0.661031276415892 0.65883347421809 0.650211327134404 0.631952662721893
0.856035889070147 0.857055464926591 0.846859706362153 0.84747145187602 0.838703099510604 0.820758564437194 0.815660685154975 0.809543230016313 0.815252854812398 0.740008156606851 0.739396411092985 0.742659053833605 0.739804241435563 0.744494290375204 0.742659053833605 0.740008156606852 0.742455138662316 0.745309951060359 0.746329526916803 0.745513866231648 0.746329526916803
0.979182388300502 0.979572718519868 0.980067136797731 0.979911004709985 0.980041114783107 0.97970282859299 0.979728850607614 0.977985375627781 0.977933331598532 0.977933331598532 0.977933331598532 0.977881287569284 0.977959353613157 0.978505815920269 0.977985375627781 0.978063441671654 0.978063441671654 0.978766036066512 0.978844102110385 0.978896146139634 0.978896146139634
