"ids" "roc_1" "roc_2" "roc_3" "roc_4" "roc_5" "roc_6" "roc_7" "roc_8" "roc_9" "roc_10" "roc_11" "roc_12" "roc_13" "roc_14" "roc_15" "roc_16" "roc_17" "roc_18" "roc_19"
1 0.811293436293436 0.829391891891892 0.815637065637066 0.825289575289575 0.818774131274131 0.816361003861004 0.83011583011583 0.892374517374517 0.893098455598456 0.897683397683398 0.897442084942085 0.900337837837838 0.900820463320463 0.901785714285714 0.903233590733591 0.903474903474903 0.901785714285714 0.902027027027027 0.907335907335907
2 0.957093425605536 0.953556324490581 0.947097270280661 0.952941176470588 0.94878892733564 0.945174932718185 0.953479430988082 0.954863514033064 0.954863514033064 0.952095347943099 0.951710880430604 0.95117262591311 0.962475970780469 0.962937331795463 0.962860438292964 0.9520184544406 0.951018838908112 0.961399461745483 0.960322952710496
3 0.799772468714448 0.780242700037922 0.787827076222981 0.73037542662116 0.743458475540387 0.689609404626469 0.719188471748199 0.723359878649981 0.762988244216913 0.767159651118695 0.756541524459613 0.759575274933637 0.718998862343572 0.73739097459234 0.739287068638604 0.749336367083807 0.755593477436481 0.765263557072431 0.766211604095563
4 0.798701298701299 0.784090909090909 0.79788961038961 0.810876623376623 0.835227272727273 0.844967532467532 0.849837662337662 0.86038961038961 0.858766233766234 0.86525974025974 0.854707792207792 0.826298701298701 0.831168831168831 0.836038961038961 0.842532467532467 0.848214285714286 0.845779220779221 0.850649350649351 0.852272727272727
5 0.856167979002625 0.82257217847769 0.783727034120735 0.69238845144357 0.703412073490814 0.658267716535433 0.671391076115486 0.687664041994751 0.699737532808399 0.662992125984252 0.66246719160105 0.667191601049869 0.681364829396325 0.665616797900263 0.647244094488189 0.657742782152231 0.683464566929134 0.68241469816273 0.644094488188976
6 0.688965517241379 0.665057471264368 0.907586206896552 0.844137931034483 0.863448275862069 0.872413793103448 0.881609195402299 0.884827586206897 0.919770114942529 0.92367816091954 0.922528735632184 0.92551724137931 0.926896551724138 0.927126436781609 0.926666666666667 0.926896551724138 0.92551724137931 0.924827586206897 0.925287356321839
7 0.88599537037037 0.943287037037037 0.946759259259259 0.918402777777778 0.868055555555556 0.902777777777778 0.903935185185185 0.939236111111111 0.940393518518518 0.954282407407407 0.963541666666667 0.945601851851852 0.946180555555556 0.951388888888889 0.952546296296296 0.952546296296296 0.952546296296296 0.956597222222222 0.959490740740741
8 0.838103254769921 0.830808080808081 0.794051627384961 0.749158249158249 0.735970819304153 0.712962962962963 0.724747474747475 0.729236812570146 0.711279461279461 0.652076318742985 0.642817059483726 0.64337822671156 0.625140291806958 0.629910213243547 0.642255892255892 0.63327721661055 0.623737373737374 0.623737373737374 0.611391694725028
9 0.610294117647059 0.655377302436126 0.689765300059418 0.894236482471777 0.895127748068925 0.930555555555556 0.975490196078431 0.984402852049911 0.982174688057041 0.97927807486631 0.97704991087344 0.977866904337493 0.97808972073678 0.974079025549614 0.973262032085562 0.973484848484849 0.973559120617944 0.973930481283423 0.974376114081996
10 0.778214717146015 0.773408384095407 0.732811576323027 0.773498342200632 0.755223995682011 0.790179145140977 0.820996221759581 0.789857866193744 0.790667489140772 0.791258642403681 0.792286735034827 0.798853676716272 0.793597553139538 0.797465751664225 0.794998329349474 0.79755570976945 0.796823193769759 0.799444829979181 0.80042151797877
11 0.838063439065108 0.852531997774068 0.892459654980523 0.915692821368948 0.9259877573734 0.929883138564274 0.897607122982749 0.906093489148581 0.906232609905398 0.929465776293823 0.934891485809683 0.954229271007234 0.963689482470785 0.967306622148025 0.967445742904841 0.968280467445743 0.968280467445743 0.97022815804118 0.97022815804118
12 0.820393047232665 0.820076673986675 0.817862061264749 0.760151859158075 0.746454758625824 0.727155990620464 0.955503033461123 0.951222689544795 0.971079763278371 0.968102132727882 0.969963151821938 0.974243495738266 0.971880001488815 0.972121933971043 0.972233595116686 0.972568578553616 0.97303383332713 0.972903561990546 0.973257155618417
13 0.772967635066259 0.790902140672783 0.792877166156983 0.7832250254842 0.79545744138634 0.798706676860347 0.807721712538226 0.79539373088685 0.799088939857288 0.801414373088685 0.843304026503568 0.846170998980632 0.8417749745158 0.842889908256881 0.842029816513762 0.841966106014271 0.841583843017329 0.80842252803262 0.78637869520897
14 0.843786464410735 0.906213535589265 0.897462077012835 0.77975495915986 0.741540256709452 0.64294049008168 0.643086347724621 0.649504084014002 0.647316219369895 0.672403733955659 0.679842473745624 0.686406067677946 0.68757292882147 0.686989498249708 0.688448074679113 0.689177362893816 0.689031505250875 0.691656942823804 0.692677946324387
15 0.728222996515679 0.833748133399701 0.813339970134395 0.660029865604778 0.680686908909905 0.667496266799403 0.677949228471877 0.669487307117969 0.676207068193131 0.693130910900946 0.684420109507218 0.682677949228472 0.687406669985067 0.670482827277252 0.674464907914385 0.653807864609258 0.654803384768541 0.655550024888004 0.657043305126929
16 0.871058586874529 0.877042997234096 0.87523258737742 0.842745788282625 0.811315061604224 0.817752074427961 0.823535328136787 0.901885843600704 0.902439024390244 0.904299723409605 0.906763892381192 0.905758109127483 0.885340709077194 0.884536082474227 0.885038974101081 0.885541865727936 0.878501382951974 0.877797334674378 0.825848629620317
17 0.625541125541126 0.687384044526902 0.666666666666667 0.744588744588745 0.756802721088435 0.759121830550402 0.755875077303649 0.758194186765615 0.763450834879406 0.771799628942486 0.77612863327149 0.777210884353742 0.772572665429808 0.773964131106988 0.777983920841064 0.779684601113173 0.718150896722325 0.716604823747681 0.730364873222016
18 0.786563765182186 0.795167004048583 0.81212044534413 0.848810728744939 0.846027327935223 0.856148785425101 0.861209514170041 0.866143724696356 0.867914979757085 0.875885627530364 0.871584008097166 0.871204453441296 0.872722672064777 0.871077935222672 0.874493927125506 0.836664979757085 0.83793016194332 0.839701417004049 0.84412955465587
19 0.547352822309039 0.505590731510171 0.496295298396875 0.842247069917823 0.748349723831335 0.768691903543042 0.765054560150882 0.673312676815304 0.683685841304055 0.648524855179846 0.662670079482689 0.67156136333019 0.679374915802236 0.697831065606897 0.69877408056042 0.704566886703489 0.70241142395258 0.711841573487808 0.714535901926445
20 0.873260073260073 0.88034188034188 0.882376882376882 0.89002849002849 0.894831094831095 0.88962148962149 0.886609686609687 0.89002849002849 0.863899063899064 0.857224257224257 0.857631257631258 0.863410663410663 0.864713064713065 0.872039072039072 0.873992673992674 0.832560032560033 0.841107041107041 0.843223443223443 0.842735042735043
21 0.720404984423676 0.711059190031153 0.714953271028037 0.733644859813084 0.737538940809969 0.750778816199377 0.742990654205608 0.745327102803738 0.795171339563863 0.823208722741433 0.861370716510903 0.868380062305296 0.873831775700935 0.883956386292835 0.892523364485981 0.892523364485981 0.894080996884735 0.89797507788162 0.900311526479751
22 0.830836363636364 0.826727272727273 0.8268 0.821418181818182 0.822909090909091 0.822472727272727 0.818872727272727 0.815127272727273 0.812145454545455 0.812145454545455 0.814763636363636 0.811345454545454 0.812581818181818 0.807418181818182 0.809818181818182 0.806109090909091 0.8064 0.808072727272727 0.814654545454545
23 0.815068493150685 0.812328767123288 0.822945205479452 0.952397260273973 0.962328767123288 0.963013698630137 0.963698630136986 0.974657534246575 0.979452054794521 0.980479452054795 0.980821917808219 0.981164383561644 0.980479452054795 0.980479452054795 0.980821917808219 0.984931506849315 0.985616438356164 0.985616438356164 0.985616438356164
24 0.941251103265666 0.933987937628714 0.933859223300971 0.943954104148279 0.941986613709915 0.943733451015004 0.93803324507208 0.938492939099735 0.937775816416593 0.939449102677258 0.935955428067079 0.93521991762283 0.935863489261547 0.935808325978229 0.935937040305972 0.936856428361283 0.937040305972345 0.93735289791115 0.937978081788761
25 0.963540290620872 0.984147952443857 0.983091149273448 0.987054161162483 0.986261558784676 0.985733157199472 0.985733157199472 0.982298546895641 0.982562747688243 0.986261558784676 0.983883751651255 0.981505944517834 0.982826948480845 0.983883751651255 0.983883751651255 0.984940554821664 0.984940554821664 0.98335535006605 0.982826948480845
26 0.952018413597734 0.951664305949009 0.951876770538244 0.880347025495751 0.843803116147309 0.8453611898017 0.830417847025496 0.95407223796034 0.911650141643059 0.91193342776204 0.912570821529745 0.910941926345609 0.907259206798867 0.907259206798867 0.915686968838527 0.915757790368272 0.919157223796034 0.92106940509915 0.913279036827195
27 0.882403140467657 0.908346134152586 0.927974057006315 0.938214712408261 0.944700460829493 0.956989247311828 0.955282471411504 0.946748591909882 0.949820788530466 0.950674176480628 0.957671957671958 0.960402799112477 0.924731182795699 0.92763270182625 0.930704898446834 0.935654548557774 0.934971838197645 0.935825226147807 0.938556067588326
28 0.887848035389019 0.887848035389019 0.886546968514182 0.909185532136352 0.907103825136612 0.907624251886547 0.911527452511059 0.915170439760604 0.915690866510539 0.912828519385896 0.912828519385896 0.915690866510539 0.918032786885246 0.918293000260213 0.918813427010148 0.919073640385116 0.919854280510018 0.92271662763466 0.925318761384335
29 0.881707607917959 0.880515144288099 0.872644884331028 0.866682566181731 0.881469115191987 0.87169091342714 0.969472931075602 0.974719771046983 0.976389220128786 0.980443596470308 0.979728118292392 0.979251132840448 0.979251132840448 0.981874552826139 0.981636060100167 0.978058669210589 0.978535654662533 0.977343191032674 0.977343191032674
30 0.92521877486078 0.900556881463803 0.889419252187749 0.894192521877486 0.904534606205251 0.914876690533015 0.933174224343675 0.914876690533015 0.927605409705648 0.927605409705648 0.966587112171838 0.970564836913286 0.970564836913286 0.967382657120127 0.967382657120127 0.967382657120127 0.968178202068417 0.980111376292761 0.983293556085919
31 0.753676470588235 0.734477124183006 0.65890522875817 0.80187908496732 0.825163398692811 0.804738562091503 0.821486928104575 0.792075163398693 0.828839869281046 0.843137254901961 0.844771241830065 0.818627450980392 0.844362745098039 0.847630718954248 0.864787581699346 0.875 0.881127450980392 0.883169934640523 0.881127450980392
32 0.824381510416667 0.845865885416667 0.855305989583333 0.893880208333333 0.9462890625 0.938313802083333 0.9345703125 0.9345703125 0.887532552083333 0.883626302083333 0.883463541666667 0.878743489583333 0.88232421875 0.8857421875 0.885904947916667 0.95751953125 0.957682291666667 0.95556640625 0.953450520833333
33 0.649585585585586 0.661621621621622 0.650522522522523 0.681873873873874 0.685477477477477 0.639423423423423 0.641441441441441 0.674594594594595 0.675603603603604 0.665657657657658 0.668612612612613 0.659675675675676 0.661261261261261 0.651387387387387 0.649153153153153 0.656 0.655927927927928 0.657153153153153 0.678702702702703
34 0.696611505122143 0.728920409771474 0.740740740740741 0.78408195429472 0.798266351457841 0.781323877068558 0.789598108747045 0.799448384554768 0.797478329393223 0.807722616233254 0.818360914105595 0.807722616233254 0.813238770685579 0.826635145784082 0.832151300236407 0.834121355397951 0.843577620173365 0.850669818754925 0.85263987391647
35 0.77759009009009 0.760698198198198 0.767154654654655 0.76768018018018 0.829429429429429 0.829617117117117 0.722672672672673 0.744857357357357 0.723611111111111 0.773348348348348 0.781944444444444 0.784384384384384 0.784084084084084 0.777927927927928 0.776501501501502 0.776463963963964 0.775938438438438 0.775600600600601 0.773423423423423
36 0.74491392801252 0.845070422535211 0.816901408450704 0.71830985915493 0.687010954616588 0.649452269170579 0.65414710485133 0.622848200312989 0.599374021909233 0.568075117370892 0.557120500782473 0.705790297339593 0.690140845070423 0.669796557120501 0.640062597809077 0.625978090766823 0.624413145539906 0.622848200312989 0.610328638497653
37 0.943137254901961 0.94093137254902 0.914705882352941 0.937745098039216 0.931862745098039 0.966666666666667 0.966666666666667 0.966666666666667 0.966666666666667 0.943382352941176 0.943137254901961 0.945588235294118 0.940686274509804 0.93921568627451 0.929901960784314 0.928676470588235 0.928921568627451 0.93406862745098 0.940196078431373
38 0.548628428927681 0.506234413965087 0.507481296758105 0.521197007481297 0.528678304239402 0.537406483790524 0.537406483790524 0.543640897755611 0.527431421446384 0.519950124688279 0.531172069825436 0.539900249376559 0.543640897755611 0.543640897755611 0.541147132169576 0.542394014962594 0.542394014962594 0.543640897755611 0.546134663341646
39 0.760504201680672 0.781932773109244 0.816386554621849 0.865126050420168 0.871428571428571 0.85 0.850420168067227 0.858403361344538 0.859243697478992 0.855042016806723 0.867226890756303 0.867647058823529 0.844957983193277 0.848319327731092 0.802941176470588 0.809243697478992 0.815546218487395 0.817647058823529 0.818067226890756
40 0.866447368421053 0.885855263157895 0.922861842105263 0.937335526315789 0.940625 0.952796052631579 0.958388157894737 0.963322368421053 0.965625 0.969736842105263 0.972697368421053 0.974671052631579 0.978782894736842 0.978453947368421 0.977138157894737 0.976809210526316 0.976315789473684 0.977302631578947 0.978125
41 0.659789644012945 0.706040992448759 0.714805825242718 0.759304207119741 0.766181229773463 0.701591154261057 0.71507551240561 0.741909385113269 0.747977346278317 0.770091693635383 0.77049622437972 0.763349514563107 0.768743257820928 0.763754045307443 0.746763754045307 0.750269687162891 0.756472491909385 0.755258899676375 0.755933117583603
42 0.948242139748668 0.946188450442521 0.950735905334702 0.952545107818689 0.952520659136473 0.956187961468877 0.956212410151093 0.956725832477629 0.955870128600068 0.955405603637964 0.95518556549802 0.954941078675859 0.95555229573126 0.954305412938243 0.947386435871107 0.947410884553323 0.949806855410493 0.952178377585448 0.949733509363845
43 0.751668591965088 0.779200359389039 0.94740726479271 0.824797843665768 0.807887305865743 0.953311513284559 0.954851752021563 0.95507637017071 0.95369657296881 0.95404954434604 0.955525606469003 0.956103195995379 0.95684122705686 0.957130021820049 0.957418816583237 0.957739699653446 0.957835964574509 0.958477730714927 0.959729174688743
44 0.923243577839678 0.935623645930053 0.939028164654906 0.891364902506964 0.90312596719282 0.91767254719901 0.924172082946456 0.92726709996905 0.930052615289384 0.935623645930053 0.93190962550294 0.933457134014237 0.947384710615908 0.940266171463943 0.935933147632312 0.933147632311978 0.933766635716496 0.938099659548127 0.940575673166202
45 0.530060672917816 0.537437948152234 0.52027027027027 0.509790402647545 0.515030336458908 0.521649200220629 0.517995035852179 0.514202978488693 0.511583011583012 0.506205184776613 0.498965802537231 0.506825703254275 0.510755653612797 0.515926640926641 0.51896028681743 0.527027027027027 0.529095421952565 0.533301158301158 0.537506894649752
46 0.923769645520248 0.923884363886658 0.912527245612022 0.925791556728232 0.924371916943903 0.924386256739704 0.924328897556499 0.925848915911437 0.925863255707239 0.92752667202019 0.927555351611793 0.92840139956407 0.930165194447631 0.929376505678559 0.930064815877022 0.930523689342664 0.930624067913273 0.930982562808306 0.931398416886544
47 0.979020979020979 0.995337995337995 0.993006993006993 0.993006993006993 0.993006993006993 0.993006993006993 0.993006993006993 0.993006993006993 0.993006993006993 0.993006993006993 0.993006993006993 0.993006993006993 0.993006993006993 0.993006993006993 0.993006993006993 0.990675990675991 0.988344988344988 1 1
48 0.655790363482671 0.665257819103973 0.692138630600169 0.717666948436179 0.707692307692308 0.69737954353339 0.700422654268808 0.690786136939983 0.771766694843618 0.77447168216399 0.781910397295013 0.790194420963652 0.79425190194421 0.795435333896872 0.80625528317836 0.802874049027895 0.804395604395604 0.805409974640744 0.803888419273035
49 0.933969769291965 0.927605409705648 0.927605409705648 0.927605409705648 0.939538583929992 0.951471758154336 0.954653937947494 0.953062848050915 0.958631662688942 0.953858392999204 0.951471758154336 0.954653937947494 0.953062848050915 0.955449482895784 0.959427207637232 0.918854415274463 0.918854415274463 0.915672235481305 0.902943516308671
50 0.579113924050633 0.59774964838256 0.579465541490858 0.586849507735584 0.582981715893108 0.603727144866385 0.614275668073136 0.619198312236287 0.625175808720112 0.635021097046414 0.639592123769339 0.64521800281294 0.64592123769339 0.649085794655415 0.65225035161744 0.656118143459916 0.658931082981716 0.662095639943741 0.659282700421941
51 0.902566333188343 0.899546386627726 0.897682222084136 0.91130305101597 0.901335984589573 0.899695519791214 0.901994656061642 0.902392344497608 0.899285403591624 0.898278754738085 0.903336854533027 0.904915180513267 0.904380786677437 0.903585409805506 0.90470390853166 0.90382153731436 0.904082520350463 0.904206797986702 0.905760268439694
52 0.77722498618021 0.826172169455752 0.817327503894668 0.737574752500126 0.682747876777728 0.814915322378009 0.807829539172823 0.803457460173878 0.814664053470024 0.786019397959696 0.808231569425599 0.828383335846022 0.829036635006784 0.826322930800543 0.829488919041158 0.826322930800543 0.832102115684205 0.830745263581084 0.834263028292879
53 0.828842975206612 0.795454545454545 0.802396694214876 0.840495867768595 0.848264462809917 0.835785123966942 0.838347107438017 0.840743801652893 0.846280991735537 0.826611570247934 0.827603305785124 0.846859504132231 0.836198347107438 0.843719008264463 0.845702479338843 0.845537190082645 0.848099173553719 0.849586776859504 0.852727272727273
54 0.97874852420307 0.980122708885749 0.980596899374843 0.980064644744227 0.980267869239553 0.980267869239553 0.980480771091799 0.978264656357056 0.978187237501694 0.97806143186173 0.977896916794085 0.977906594151005 0.97806143186173 0.978080786575571 0.978138850717092 0.978196914858614 0.978351752569338 0.978603363849265 0.978632395920026
55 0.604959630911188 0.554209919261822 0.516147635524798 0.611880046136101 0.567474048442907 0.568627450980392 0.551326412918108 0.516724336793541 0.490196078431373 0.472318339100346 0.486735870818916 0.492502883506344 0.504613610149942 0.524221453287197 0.460207612456747 0.570934256055363 0.595732410611303 0.587081891580161 0.577277970011534
56 0.900259909031839 0.883690708252112 0.887914230019493 0.867446393762183 0.87264457439896 0.747563352826511 0.751137102014295 0.679012345679012 0.744964262508122 0.726445743989604 0.718973359324236 0.702729044834308 0.702729044834308 0.700454840805718 0.700454840805718 0.697855750487329 0.694931773879142 0.696881091617934 0.696231319038337
57 0.940738169617031 0.961356010644452 0.961309730417679 0.961448571097998 0.961448571097998 0.962651856994099 0.963299780168923 0.963322920282309 0.963369200509082 0.962698137220872 0.962674997107486 0.964109684137452 0.965428670600486 0.965798912414671 0.966307994909175 0.966979058197385 0.967511280805276 0.96802036329978 0.968112923753326
58 0.655790363482671 0.665257819103973 0.692138630600169 0.717666948436179 0.707692307692308 0.69737954353339 0.700422654268808 0.690786136939983 0.771766694843618 0.77447168216399 0.781910397295013 0.790194420963652 0.79425190194421 0.795435333896872 0.80625528317836 0.802874049027895 0.804395604395604 0.805409974640744 0.803888419273035
59 0.843800978792822 0.851345840130506 0.84747145187602 0.82137030995106 0.841353996737357 0.817495921696574 0.809339314845025 0.822593800978793 0.828507340946166 0.83605220228385 0.8442088091354 0.850122349102773 0.841557911908646 0.84094616639478 0.83115823817292 0.83768352365416 0.836867862969005 0.723083197389886 0.723287112561175
60 0.946238517786047 0.955450310963075 0.961643550443675 0.953732857997866 0.961227198209685 0.958651018761873 0.971141585781571 0.977855265554659 0.976241900647948 0.976267922662572 0.976111790574826 0.975253064092222 0.968747560436129 0.962762497072523 0.965026412344844 0.968435296260636 0.97905227822738 0.979806916651487 0.979780894636863
