"ids" "nef_1" "nef_2" "nef_3" "nef_4" "nef_5" "nef_6" "nef_7" "nef_8" "nef_9" "nef_10" "nef_11" "nef_12" "nef_13" "nef_14" "nef_15" "nef_16" "nef_17" "nef_18" "nef_19" "nef_20"
1 0.618976941425921 0.647553670818977 0.653904055128545 0.657079247283329 0.676130400212033 0.679305592366817 0.672955208057249 0.682480784521601 0.695181553140737 0.695181553140737 0.692006360985953 0.688831168831169 0.692006360985953 0.717407898224225 0.698356745295521 0.707882321759873 0.720583090379009 0.720583090379009 0.723758282533793 0.711057513914657
2 0.86278409090909 0.86278409090909 0.858863636363636 0.864090909090909 0.861477272727272 0.854943181818182 0.858863636363636 0.854943181818182 0.858863636363636 0.866704545454545 0.854943181818182 0.836647727272727 0.845795454545454 0.854943181818182 0.851022727272727 0.85625 0.840568181818181 0.854943181818182 0.847102272727273 0.854943181818182
3 0.515597092419522 0.520539979231568 0.513125649013499 0.523011422637591 0.530425752855659 0.542782969885773 0.535368639667705 0.550197300103842 0.542782969885773 0.589740394600208 0.587268951194185 0.60951194184839 0.550197300103842 0.565025960539979 0.602097611630322 0.567497403946002 0.589740394600208 0.562554517133956 0.646583592938733 0.584797507788162
4 0.722122302158274 0.722122302158274 0.722122302158274 0.722122302158274 0.722122302158274 0.722122302158274 0.722122302158274 0.722122302158274 0.722122302158274 0.722122302158274 0.722122302158274 0.722122302158274 0.722122302158274 0.722122302158274 0.755467625899281 0.722122302158274 0.722122302158274 0.722122302158274 0.733237410071943 0.733237410071943
5 0.748060394889663 0.703600464576074 0.68137049941928 0.68137049941928 0.673960511033682 0.688780487804878 0.651730545876887 0.673960511033682 0.659140534262485 0.651730545876887 0.666550522648083 0.651730545876887 0.666550522648084 0.636910569105691 0.636910569105691 0.644320557491289 0.673960511033682 0.622090592334495 0.629500580720093 0.622090592334495
6 0.624912718204489 0.62713216957606 0.651546134663342 0.658204488778055 0.662643391521197 0.649326683291771 0.658204488778055 0.658204488778055 0.660423940149626 0.667082294264339 0.684837905236908 0.727007481296758 0.691496259351621 0.693715710723192 0.691496259351621 0.680399002493766 0.731446384039901 0.722568578553616 0.729226932668329 0.704812967581048
7 0.814779270633398 0.814779270633398 0.814779270633398 0.814779270633398 0.814779270633398 0.822188099808062 0.814779270633398 0.822188099808062 0.829596928982726 0.814779270633398 0.844414587332054 0.814779270633398 0.822188099808062 0.814779270633398 0.822188099808062 0.83700575815739 0.83700575815739 0.829596928982726 0.844414587332054 0.851823416506718
8 0.62962962962963 0.625925925925926 0.614814814814815 0.614814814814815 0.622222222222222 0.611111111111111 0.62962962962963 0.614814814814815 0.618518518518519 0.603703703703704 0.6 0.622222222222222 0.633333333333333 0.596296296296296 0.666666666666667 0.607407407407407 0.6 0.629629629629629 0.662962962962963 0.648148148148148
9 0.540740740740741 0.561728395061728 0.55679012345679 0.59320987654321 0.608641975308642 0.642592592592592 0.658024691358025 0.624074074074074 0.624074074074074 0.635802469135803 0.733950617283951 0.732098765432099 0.666666666666667 0.726543209876543 0.785802469135802 0.724074074074074 0.811728395061728 0.828395061728395 0.852469135802469 0.853703703703704
10 0.636623872310895 0.63560027758501 0.636112074947953 0.632017696044414 0.635344378903539 0.64404493407356 0.628946911866759 0.63969465648855 0.635856176266482 0.635344378903539 0.643789035392089 0.63764746703678 0.635856176266482 0.635088480222068 0.641741845940319 0.643533136710618 0.657607564191534 0.638671061762665 0.639438757807078 0.641230048577377
11 0.63710303030303 0.653766666666666 0.663024242424242 0.663024242424242 0.670430303030303 0.670430303030303 0.688945454545455 0.696351515151515 0.701906060606061 0.69079696969697 0.724124242424243 0.74819393939394 0.722272727272727 0.727827272727273 0.69820303030303 0.727827272727273 0.74819393939394 0.75930303030303 0.729678787878788 0.735233333333333
12 0.763803454327145 0.770721344786182 0.822111388196176 0.811240417474831 0.83644130414704 0.826558603491272 0.831994088851944 0.857194975524153 0.829523413688002 0.875972106770112 0.854230165327422 0.864607001015979 0.903149533573474 0.88881961762261 0.9105615590653 0.884372402327514 0.895737508081648 0.914020504294819 0.916985314491549 0.897219913180013
13 0.53973478618421 0.53973478618421 0.573057154605263 0.573057154605263 0.570974506578947 0.611933251096491 0.602214226973684 0.611933251096491 0.601520010964912 0.611239035087719 0.610544819078947 0.616792763157895 0.632065515350877 0.627900219298246 0.624429139254386 0.625123355263158 0.637619243421052 0.616792763157895 0.642478755482456 0.639007675438596
14 0.583600770218229 0.594704749679076 0.597480744544288 0.608584724005135 0.614136713735559 0.622464698331194 0.619688703465982 0.614136713735558 0.625240693196406 0.6474486521181 0.644672657252888 0.661328626444159 0.636344672657253 0.650224646983312 0.675208600770218 0.661328626444159 0.636344672657253 0.653000641848524 0.641896662387676 0.669656611039794
15 0.542944550669216 0.533422562141492 0.527074569789675 0.533422562141492 0.542944550669216 0.539770554493308 0.542944550669216 0.539770554493308 0.542944550669216 0.549292543021033 0.552466539196941 0.542944550669216 0.561988527724665 0.561988527724666 0.577858508604207 0.584206500956023 0.577858508604207 0.558814531548757 0.565162523900574 0.568336520076482
16 0.638719125457639 0.658790285154437 0.640346516784407 0.642516371886763 0.665842314237096 0.627327386170268 0.662587531583561 0.66963956066622 0.657705357603259 0.68808332903625 0.686455937709483 0.666927241788274 0.658790285154437 0.670182024441809 0.668012169339452 0.691880575465374 0.683201155055948 0.679946372402413 0.678861444851235 0.704899706079513
17 0.577699443413729 0.597905211671446 0.577699443413729 0.593864058019902 0.597905211671446 0.593864058019902 0.599925788497217 0.601946365322989 0.610028672626076 0.610028672626076 0.597905211671446 0.610028672626076 0.614069826277619 0.61609040310339 0.605987518974532 0.618110979929162 0.62821386405802 0.61609040310339 0.620131556754934 0.624172710406477
18 0.632544378698225 0.632544378698225 0.639380762350351 0.635962570524288 0.646217146002477 0.656471721480666 0.675271776524013 0.659889913306729 0.666726296958855 0.668435392871886 0.673562680610981 0.699199119306454 0.670144488784918 0.688944543828265 0.682108160176139 0.685526352002201 0.695780927480391 0.700908215219485 0.685526352002202 0.712871886610706
19 0.487569464755776 0.506358584381398 0.540520620064346 0.526855805791167 0.555893536121673 0.547353027200936 0.608844691430243 0.567850248610705 0.607136589646095 0.55760163790582 0.607136589646095 0.569558350394852 0.593471775372916 0.588347470020474 0.680584966364434 0.634466218192454 0.634466218192454 0.668628253875402 0.677168762796139 0.673752559227844
20 0.751140235910878 0.753258191349934 0.749022280471822 0.749022280471822 0.757494102228047 0.768083879423329 0.755376146788991 0.762788990825688 0.758553079947575 0.758553079947575 0.755376146788991 0.763847968545216 0.77337876802097 0.767024901703801 0.768083879423329 0.782909567496724 0.776555701179554 0.776555701179554 0.775496723460026 0.772319790301442
21 0.814862542955326 0.814862542955326 0.814862542955326 0.814862542955326 0.814862542955326 0.822268041237113 0.814862542955326 0.822268041237113 0.814862542955326 0.822268041237113 0.822268041237113 0.8296735395189 0.822268041237113 0.8296735395189 0.814862542955326 0.822268041237113 0.8296735395189 0.822268041237113 0.822268041237113 0.814862542955326
22 0.724572781927491 0.72093277464019 0.720528329386045 0.716483876844598 0.712034979049007 0.715270541082164 0.70879941701585 0.707586081253416 0.702328292949536 0.705968300236838 0.697070504645655 0.710417198032428 0.704754964474403 0.695452723629076 0.713248314811441 0.693026052104209 0.698283840408089 0.691003825833485 0.698688285662234 0.692621606850064
23 0.684384905660377 0.666603773584905 0.688830188679245 0.702166037735849 0.706611320754717 0.679939622641509 0.706611320754717 0.733283018867924 0.706611320754717 0.702166037735849 0.679939622641509 0.777735849056604 0.74217358490566 0.733283018867925 0.715501886792453 0.755509433962264 0.7644 0.715501886792453 0.7644 0.751064150943396
24 0.756718173116368 0.767337617940653 0.761866994849355 0.766372213865719 0.76090159077442 0.765406809790783 0.780531473631432 0.773130042390264 0.771521035598705 0.774095446465199 0.776991658690004 0.780853274989744 0.764119604357537 0.77055563152377 0.770233830165459 0.774095446465199 0.778600665481562 0.785680295364419 0.782140480422991 0.775704453256757
25 0.915580174927113 0.937795918367347 0.942239067055393 0.98667055393586 0.977784256559767 0.991113702623907 0.995556851311953 0.98667055393586 0.98667055393586 1 1 0.995556851311953 1 1 0.991113702623907 1 1 0.991113702623907 1 0.995556851311953
26 0.833231240428791 0.83545482388974 0.843237366003063 0.837678407350689 0.848796324655437 0.855467075038285 0.845460949464013 0.841013782542113 0.848796324655437 0.855467075038285 0.855467075038285 0.858802450229709 0.858802450229709 0.855467075038285 0.853243491577335 0.852131699846861 0.862137825421133 0.866584992343032 0.867696784073507 0.861026033690659
27 0.533578947368421 0.549443609022556 0.55578947368421 0.612902255639098 0.590691729323308 0.606556390977444 0.63193984962406 0.622421052631579 0.670015037593985 0.647804511278195 0.676360902255639 0.717609022556391 0.647804511278196 0.742992481203007 0.717609022556391 0.701744360902256 0.746165413533835 0.701744360902256 0.717609022556391 0.70809022556391
28 0.752834467120181 0.750362811791383 0.747891156462585 0.752834467120181 0.752834467120181 0.752834467120181 0.755306122448979 0.752834467120181 0.755306122448979 0.755306122448979 0.762721088435374 0.750362811791383 0.760249433106576 0.762721088435374 0.752834467120181 0.765192743764172 0.765192743764172 0.775079365079365 0.757777777777777 0.76766439909297
29 0.688660550458715 0.714076015727392 0.720429882044561 0.720429882044561 0.758553079947575 0.742668414154652 0.749022280471822 0.764906946264744 0.771260812581913 0.793499344692005 0.768083879423329 0.803030144167759 0.790322411533421 0.809384010484928 0.806207077326343 0.79667627785059 0.82526867627785 0.812560943643512 0.79667627785059 0.79667627785059
30 0.814912280701755 0.814912280701755 0.814912280701755 0.807508771929825 0.814912280701755 0.814912280701755 0.814912280701755 0.822315789473684 0.814912280701755 0.814912280701755 0.807508771929825 0.814912280701755 0.814912280701755 0.807508771929825 0.800105263157895 0.814912280701755 0.814912280701755 0.814912280701755 0.822315789473684 0.814912280701755
31 0.459185888738128 0.459185888738128 0.466594301221167 0.474002713704206 0.488819538670285 0.466594301221167 0.496227951153324 0.481411126187246 0.496227951153324 0.474002713704206 0.474002713704206 0.503636363636364 0.474002713704206 0.459185888738128 0.503636363636364 0.481411126187246 0.466594301221167 0.496227951153324 0.459185888738128 0.496227951153324 
32 0.674350282485876 0.69840395480226 0.681751412429378 0.700254237288135 0.700254237288135 0.702104519774011 0.726158192090395 0.713206214689265 0.728008474576271 0.728008474576271 0.722457627118644 0.720607344632768 0.722457627118644 0.731709039548022 0.731709039548022 0.72430790960452 0.752062146892655 0.776115819209039 0.772415254237288 0.75021186440678 
33 0.593777777777778 0.608 0.606222222222222 0.603555555555555 0.609777777777778 0.608 0.616 0.608 0.604444444444444 0.608888888888889 0.601777777777778 0.606222222222222 0.617777777777778 0.616888888888889 0.618666666666666 0.614222222222222 0.608 0.603555555555555 0.607111111111111 0.617777777777778 
34 0.592487046632124 0.588782383419689 0.622124352331606 0.68880829015544 0.685103626943005 0.673989637305699 0.703626943005181 0.718445595854922 0.722150259067358 0.722150259067357 0.711036269430052 0.755492227979275 0.736968911917099 0.744378238341969 0.744378238341969 0.740673575129533 0.75919689119171 0.748082901554404 0.770310880829015 0.762901554404145 
35 0.73919612590799 0.737714285714286 0.739937046004842 0.735491525423729 0.731786924939467 0.736232445520581 0.730305084745763 0.728082324455206 0.730305084745763 0.753273607748184 0.751791767554479 0.750309927360775 0.741418886198547 0.754014527845036 0.771796610169492 0.73252784503632 0.720673123486683 0.7421598062954 0.73252784503632 0.742900726392252 
36 0.444444444444445 0.444444444444445 0.444444444444445 0.444444444444445 0.444444444444445 0.444444444444445 0.488888888888889 0.444444444444445 0.444444444444445 0.444444444444445 0.444444444444445 0.444444444444445 0.444444444444445 0.444444444444445 0.466666666666667 0.466666666666667 0.444444444444445 0.444444444444445 0.444444444444445 0.444444444444445 
37 0.888903924221921 0.888903924221921 0.893347767253045 0.888903924221921 0.888903924221921 0.888903924221921 0.893347767253045 0.888903924221921 0.897791610284168 0.871128552097429 0.893347767253045 0.884460081190798 0.893347767253045 0.888903924221921 0.875572395128552 0.902235453315291 0.888903924221921 0.906679296346414 0.893347767253044 0.888903924221921 
38 0.722451790633609 0.722451790633609 0.722451790633609 0.722451790633609 0.722451790633609 0.722451790633609 0.722451790633609 0.722451790633609 0.722451790633609 0.722451790633609 0.733553719008265 0.722451790633609 0.722451790633609 0.722451790633609 0.722451790633609 0.722451790633609 0.733553719008265 0.722451790633609 0.722451790633609 0.722451790633609 
39 0.588812615955473 0.599925788497217 0.605482374768089 0.622152133580705 0.605482374768089 0.666604823747681 0.644378478664193 0.666604823747681 0.733283858998145 0.694387755102041 0.722170686456401 0.749953617810761 0.711057513914657 0.783293135435993 0.783293135435993 0.788849721706865 0.772179962894249 0.811076066790353 0.816632653061225 0.811076066790353 
40 0.777697841726619 0.777697841726619 0.786589928057554 0.795482014388489 0.793258992805755 0.808820143884892 0.799928057553957 0.797705035971223 0.824381294964029 0.828827338129496 0.844388489208633 0.848834532374101 0.83105035971223 0.85994964028777 0.85994964028777 0.842165467625899 0.873287769784173 0.879956834532374 0.864395683453237 0.873287769784173 
41 0.585865041617123 0.594203329369798 0.59698275862069 0.605321046373365 0.608100475624257 0.605321046373365 0.6275564803805 0.638674197384067 0.64423305588585 0.64423305588585 0.6275564803805 0.641453626634958 0.655350772889417 0.691483353151011 0.666468489892984 0.672027348394768 0.666468489892984 0.691483353151011 0.688703923900119 0.688703923900119 
42 0.818807189542484 0.817936070261438 0.814887152777778 0.815322712418301 0.805740400326798 0.808353758169935 0.803562602124183 0.803998161764706 0.807047079248366 0.80922487745098 0.812273794934641 0.794851409313726 0.795286968954249 0.800949244281046 0.80617595996732 0.798335886437909 0.792673611111111 0.80312704248366 0.809660437091503 0.810095996732026 
43 0.561082371407083 0.598811680455185 0.60803440044472 0.630252771328603 0.613484189529446 0.659597789477126 0.666724436741768 0.647021353127759 0.662113076747 0.698584742160165 0.703615316699912 0.69648866943527 0.701519243975017 0.717868611229195 0.710741963964553 0.745955985742781 0.740506196658056 0.763562996631896 0.746794414832739 0.770689643896537 
44 0.614814814814815 0.651851851851852 0.725925925925926 0.718518518518519 0.77037037037037 0.770370370370371 0.777777777777778 0.770370370370371 0.8 0.792592592592593 0.807407407407408 0.777777777777778 0.814814814814815 0.807407407407408 0.814814814814815 0.792592592592593 0.807407407407408 0.82962962962963 0.822222222222222 0.807407407407408 
45 0.521197311300938 0.521798067497549 0.530208654250105 0.528406385660272 0.532010922839939 0.527805629463661 0.526604117070438 0.53261167903655 0.527805629463661 0.53261167903655 0.531410166643327 0.531410166643327 0.533813191429772 0.536816972412827 0.526003360873827 0.532010922839939 0.533212435233161 0.533212435233161 0.530208654250105 0.533813191429772 
46 0.689709762532981 0.703166226912929 0.698944591029024 0.697361477572559 0.718733509234829 0.707387862796834 0.724802110817942 0.716094986807388 0.710026385224274 0.717414248021108 0.71688654353562 0.712664907651715 0.725593667546174 0.717414248021108 0.728496042216359 0.721108179419525 0.7155672823219 0.73245382585752 0.72664907651715 0.721899736147757 
47 1 1 1 1 1 1 1 1 1 1 1 1 1 1 1 1 1 1 1 1 
48 0.485848388899236 0.476327062767741 0.511238591916558 0.508064816539393 0.501717265785062 0.489022164276401 0.527107468802384 0.520759918048054 0.523933693425219 0.533455019556714 0.533455019556714 0.533455019556714 0.54297634568821 0.549323896442541 0.539802570311045 0.549323896442541 0.54297634568821 0.53662879493388 0.54297634568821 0.53662879493388 
49 0.814912280701755 0.814912280701755 0.807508771929825 0.814912280701755 0.800105263157895 0.800105263157895 0.792701754385965 0.807508771929825 0.800105263157895 0.777894736842106 0.785298245614035 0.807508771929825 0.770491228070176 0.800105263157895 0.800105263157895 0.792701754385965 0.755684210526316 0.800105263157895 0.800105263157895 0.814912280701755 
50 0.444012441679627 0.444012441679627 0.449572317262831 0.449572317262831 0.444012441679627 0.449572317262831 0.444012441679627 0.455132192846034 0.455132192846034 0.449572317262831 0.449572317262831 0.466251944012442 0.455132192846034 0.455132192846034 0.449572317262831 0.449572317262831 0.455132192846034 0.455132192846034 0.488491446345257 0.460692068429238 
51 0.794935894572259 0.802518650882287 0.79922180031271 0.809771722135359 0.793946839401385 0.805815501451865 0.813398257761894 0.811749832477105 0.810431092249274 0.812079517534063 0.812738887647978 0.806474871565781 0.815046683046683 0.821640384185839 0.811090462363189 0.821640384185839 0.805815501451865 0.835487156578066 0.815706053160599 0.812738887647979 
52 0.687424633936262 0.690714900947459 0.689892334194659 0.697295434969854 0.681666666666667 0.686602067183463 0.690714900947459 0.687424633936262 0.688247200689061 0.687424633936262 0.684134366925064 0.679198966408269 0.684134366925064 0.688247200689061 0.671795865633075 0.676731266149871 0.673440999138674 0.676731266149871 0.670973298880276 0.673440999138674 
53 0.734446601941748 0.726368932038835 0.735456310679612 0.73242718446602 0.734446601941748 0.736466019417476 0.731417475728156 0.723339805825243 0.730407766990291 0.730407766990292 0.73242718446602 0.721320388349515 0.735456310679612 0.723339805825243 0.74757281553398 0.728388349514563 0.744543689320389 0.751611650485437 0.734446601941748 0.739495145631068 
54 0.963714514194322 0.956217512994802 0.964014394242303 0.95921631347461 0.972411035585766 0.972411035585766 0.968212714914034 0.975109956017593 0.965213914434226 0.958616553378649 0.959516193522591 0.961615353858457 0.966113554578169 0.964314274290284 0.971511395441823 0.976309476209517 0.977209116353459 0.97750899640144 0.97750899640144 0.982307077169133 
55 0.444550669216061 0.4593626513703 0.444550669216061 0.444550669216061 0.4593626513703 0.4593626513703 0.444550669216061 0.45195666029318 0.4593626513703 0.4593626513703 0.4593626513703 0.474174633524538 0.45195666029318 0.4593626513703 0.488986615678776 0.45195666029318 0.45195666029318 0.45195666029318 0.466768642447419 0.45195666029318 
56 0.71475374732334 0.722162740899357 0.722162740899357 0.722162740899357 0.729571734475374 0.729571734475374 0.71475374732334 0.722162740899357 0.729571734475375 0.71475374732334 0.722162740899357 0.718458244111349 0.725867237687366 0.725867237687366 0.733276231263383 0.722162740899357 0.725867237687366 0.733276231263383 0.722162740899357 0.736980728051391 
57 0.734411251076909 0.734742822548723 0.744026823759517 0.752647682026684 0.750326681723985 0.75397396791394 0.761931683237479 0.768894684145575 0.763257969124735 0.779504971243626 0.769557827089203 0.778510256828184 0.772210398863716 0.769226255617389 0.780168114187254 0.788457400982607 0.778841828299998 0.795088830418888 0.780499685659068 0.762263254709293 
58 0.489022164276401 0.501717265785062 0.485848388899236 0.517586142670888 0.527107468802384 0.514412367293723 0.533455019556714 0.520759918048054 0.546150121065375 0.53662879493388 0.514412367293723 0.549323896442541 0.53662879493388 0.53662879493388 0.558845222574036 0.555671447196871 0.558845222574036 0.54932389644254 0.558845222574036 0.552497671819706 
59 0.527862254025045 0.55285778175313 0.583407871198569 0.555635062611807 0.588962432915921 0.611180679785331 0.611180679785331 0.61951252236136 0.636176207513417 0.613957960644007 0.619512522361359 0.652839892665474 0.641730769230769 0.661171735241503 0.652839892665474 0.641730769230769 0.672280858676207 0.666726296958855 0.661171735241503 0.672280858676207 
60 0.885932849008443 0.870924013351659 0.885932849008443 0.882931081877086 0.899226389161594 0.8889346161398 0.895366974278422 0.894509326526605 0.898797565285687 0.895795798154329 0.87521225211074 0.91166228156293 0.886790496760259 0.903085804044768 0.894509326526605 0.917665815825643 0.918094639701551 0.933532299234243 0.934818770861968 0.934818770861968 
