"Assay" "rocauc_2" "rocauc_3" "rocauc_4" "rocauc_5" "rocauc_6" "rocauc_7" "rocauc_8" "rocauc_9" "rocauc_10" "rocauc_11" "rocauc_12" "rocauc_13" "rocauc_14" "rocauc_15"
1 0.963705936920223 0.964424860853432 0.949257884972171 0.950556586270872 0.95139146567718 0.95139146567718 0.948910018552876 0.95 0.956818181818182 0.957305194805195 0.95067254174397 0.949860853432282 0.951762523191095 0.953733766233766
2 0.96309963099631 0.96309963099631 0.96309963099631 0.970479704797048 0.970479704797048 0.977859778597786 0.977859778597786 0.977859778597786 0.979089790897909 0.979089790897909 0.979089790897909 0.979089790897909 0.979089790897909 0.979089790897909
3 0.480956699161188 0.462253457265926 0.462253457265926 0.459759691679891 0.455678984357289 0.455678984357289 0.446497392881433 0.445930627975516 0.44139650872818 0.568351847653593 0.568351847653593 0.568351847653593 0.576853321242349 0.576853321242349
4 0.480956699161188 0.462253457265926 0.462253457265926 0.459759691679891 0.455678984357289 0.455678984357289 0.446497392881433 0.445930627975516 0.44139650872818 0.568351847653593 0.568351847653593 0.568351847653593 0.576853321242349 0.576853321242349
5 0.963014850098067 0.963014850098067 0.93754864418916 0.938918464555898 0.939821300706703 0.939821300706703 0.940599607733259 0.941502443884063 0.949378910992808 0.949472307835995 0.939011861399085 0.938264686653591 0.94243641231593 0.945860963232776
6 0.969893221912721 0.970519962859796 0.97158774373259 0.978505106778087 0.978667595171773 0.978667595171773 0.975951717734448 0.976415970287837 0.97883008356546 0.97924791086351 0.980849582172702 0.980849582172702 0.981197771587744 0.980222841225627
7 0.885862516212711 0.860570687418936 0.8715953307393 0.879377431906615 0.88715953307393 0.892347600518807 0.898832684824903 0.905966277561608 0.909208819714656 0.909208819714656 0.909208819714656 0.909208819714656 0.888456549935149 0.896238651102464
8 0.591207349081365 0.640419947506562 0.64238845144357 0.643700787401575 0.665354330708661 0.667322834645669 0.687664041994751 0.705380577427821 0.71259842519685 0.631889763779528 0.631889763779528 0.631889763779528 0.658136482939633 0.662073490813648
9 0.876244486452426 0.862927956311699 0.873030875866415 0.872652804032766 0.866078554925436 0.859630329762655 0.863369040117622 0.867023734509557 0.875299306868305 0.882713715605965 0.882713715605965 0.886221382062592 0.886221382062592 0.883889939088427
10 0.905437088310818 0.901708161214692 0.916400580551524 0.916690856313498 0.908563134978229 0.907000111644524 0.909500948978453 0.911711510550408 0.914480294741543 0.918454839790108 0.918454839790108 0.920084849838115 0.920084849838115 0.918052919504298
11 0.907113259668508 0.907113259668508 0.906077348066298 0.907372237569061 0.909098756906077 0.909098756906077 0.911170580110497 0.912206491712707 0.910997928176796 0.91453729281768 0.91453729281768 0.91453729281768 0.912810773480663 0.914796270718232
12 0.880893446487506 0.880893446487506 0.880834512022631 0.880834512022631 0.884842055634135 0.882838283828383 0.886786892975012 0.887199434229137 0.887258368694012 0.896452145214521 0.896452145214521 0.896452145214521 0.895862800565771 0.895862800565771
13 0.910059599060863 0.910059599060863 0.910210101739811 0.910691710312444 0.91418337246403 0.915808801396665 0.918939257118777 0.920564686051412 0.919812172656673 0.925139967491421 0.925139967491421 0.925139967491421 0.925139967491421 0.925139967491421
14 0.89951690821256 0.89951690821256 0.899677938808374 0.900885668276973 0.904066022544283 0.904066022544283 0.90768921095008 0.90841384863124 0.908695652173913 0.912882447665056 0.912882447665056 0.912882447665056 0.914251207729469 0.915257648953301
15 NA NA NA NA NA NA NA NA NA NA NA NA NA NA
16 0.888413547237077 0.897905525846702 0.897905525846702 0.908377896613191 0.912477718360071 0.912477718360071 0.953743315508021 0.954857397504456 0.954857397504456 0.955793226381462 0.955793226381462 0.955793226381462 0.955169340463458 0.955169340463458
17 0.727496185794202 0.727496185794202 0.721902017291066 0.726818104763519 0.694185455161892 0.694185455161892 0.689947448720122 0.698508221732497 0.699355823020851 0.70562807255467 0.70562807255467 0.70562807255467 0.720291574843194 0.720461095100865
18 0.95083932853717 0.95083932853717 0.94832134292566 0.951558752997602 0.951558752997602 0.951558752997602 0.953597122302158 0.95599520383693 0.952757793764988 0.952757793764988 0.952757793764988 0.952757793764988 0.961630695443645 0.95515587529976
19 0.973679389312977 0.973679389312977 0.974167938931298 0.975297709923664 0.976458015267176 0.976458015267176 0.977893129770992 0.978900763358779 0.976824427480916 0.976824427480916 0.976824427480916 0.976824427480916 0.980671755725191 0.979236641221374
20 0.65 0.705714285714286 0.705714285714286 0.707142857142857 0.73 0.73 0.751428571428571 0.77 0.625714285714286 0.68 0.68 0.68 0.697142857142857 0.697142857142857
21 NA 0.758657937806874 0.758657937806874 0.758657937806874 0.76291325695581 0.76291325695581 0.77152209492635 0.778068739770867 0.773355155482815 0.793813420621931 0.793813420621931 0.793813420621931 0.84366612111293 0.84366612111293
22 0.571761280931587 0.614847161572052 0.614847161572052 0.616593886462882 0.634061135371179 0.634061135371179 0.651819505094614 0.66783114992722 0.673071324599709 0.625327510917031 0.625327510917031 0.625327510917031 0.648034934497817 0.648034934497817
23 0.687384300287526 0.687384300287526 0.687384300287526 0.690929142542046 0.703966284611446 0.703966284611446 0.717003426680846 0.72661388790421 0.730434440111859 0.745480326125487 0.745480326125487 0.745480326125487 0.787585174681949 0.787585174681949
24 0.761607543780871 0.76865738661877 0.76865738661877 0.769914683430624 0.779479119892232 0.779479119892232 0.845846430175124 0.849079479119892 0.849932644813651 0.860260440053884 0.860260440053884 0.860260440053884 0.858778625954198 0.858778625954198
25 0.791228070175439 0.785380116959064 0.785380116959064 0.787719298245614 0.770760233918129 0.770760233918129 0.780994152046784 0.762280701754386 0.765497076023392 0.758479532163743 0.758479532163743 0.758479532163743 0.764035087719298 0.764035087719298
26 0.943876101165104 0.916216728237189 0.916216728237189 0.921687032300843 0.920242493132519 0.920242493132519 0.918229610684854 0.920218812162546 0.922089608790376 0.919982002462821 0.919982002462821 0.919982002462821 0.922705314009662 0.922705314009662
27 0.872076023391813 0.853801169590643 0.853801169590643 0.857090643274854 0.863669590643275 0.863669590643275 0.868421052631579 0.876827485380117 0.869883040935672 0.878289473684211 0.878289473684211 0.878289473684211 0.871710526315789 0.871710526315789
28 0.966018332215515 0.966018332215515 0.96783877870397 0.96828590591166 0.96886078375012 0.96886078375012 0.966305771134745 0.965028264827058 0.965028264827058 0.965028264827058 0.965028264827058 0.965028264827058 0.965028264827058 0.965379579061672
29 0.84775641025641 0.82154304029304 0.82154304029304 0.817994505494505 0.823031135531135 0.823031135531135 0.829555860805861 0.835851648351648 0.830815018315018 0.847413003663004 0.847413003663004 0.847413003663004 0.83264652014652 0.83264652014652
30 0.958143615021513 0.958143615021513 0.961443669326204 0.961443669326204 0.963239901416099 0.963239901416099 0.963239901416099 0.964910814988095 0.964827269309495 0.962738627344501 0.962738627344501 0.962738627344501 0.960775303897406 0.960357575504407
31 0.956728600139453 0.956728600139453 0.95882039292892 0.961486403346868 0.963373118411878 0.963373118411878 0.957856527623969 0.959374102784955 0.959702227144088 0.959927812640991 0.959927812640991 0.959927812640991 0.957836019851524 0.957630942127066
32 0.671741336813107 0.723010004349717 0.723010004349717 0.724575902566333 0.732115412498188 0.732115412498188 0.729911555748876 0.736262142960708 0.731419457735247 0.752153110047847 0.752153110047847 0.752153110047847 0.751805132666377 0.751805132666377
33 0.870808678500986 0.836538461538462 0.836538461538462 0.84146942800789 0.85034516765286 0.85034516765286 0.77465483234714 0.789201183431953 0.792652859960552 0.810897435897436 0.810897435897436 0.810897435897436 0.796844181459566 0.796844181459566
34 0.802031553922628 0.717239391974642 0.717239391974642 0.717239391974642 0.732007780419278 0.732007780419278 0.749153519198905 0.75743822491175 0.753115769757222 0.785390101577696 0.785390101577696 0.785390101577696 0.741733304516966 0.741733304516966
35 0.948374980837038 0.948374980837038 0.949927180745056 0.95282078798099 0.95487122489652 0.95487122489652 0.952188410240687 0.953223210179365 0.953491491644949 0.95479457304921 0.95479457304921 0.95479457304921 0.95479457304921 0.954813736011038
36 0.95009391992091 0.95009391992091 0.952130499258527 0.95387048937222 0.953099357390015 0.953099357390015 0.948057340583292 0.94819574888779 0.948393475037074 0.949105289174493 0.949105289174493 0.949105289174493 0.949105289174493 0.948927335640138
37 0.868549336022861 0.797865187426458 0.797865187426458 0.788956127080181 0.801479240208438 0.801479240208438 0.801395192469323 0.809631870902673 0.804589006555724 0.826021180030257 0.826021180030257 0.826021180030257 0.791729702471003 0.791729702471003
38 0.891238670694864 0.876699395770393 0.876699395770393 0.879437311178248 0.888406344410876 0.888406344410876 0.899074773413897 0.900302114803625 0.888311933534743 0.890672205438066 0.890672205438066 0.890672205438066 0.878965256797583 0.878965256797583
39 0.944483602908443 0.944483602908443 0.945652173913043 0.947729633476777 0.947692535984567 0.947692535984567 0.943519068110996 0.944094079240243 0.944186822970767 0.942202107137557 0.942202107137557 0.942202107137557 0.942202107137557 0.942202107137557
40 0.960586544602938 0.960586544602938 0.960586544602938 0.960586544602938 0.962263146689376 0.962263146689376 0.95576964019587 0.953773685331062 0.953773685331062 0.954332552693208 0.954332552693208 0.954332552693208 0.952815626995955 0.952815626995955
41 0.94394358653932 0.94394358653932 0.944122110149067 0.947603320539141 0.949924127465857 0.949924127465857 0.949924127465857 0.952869767026689 0.952244934392573 0.951709363563331 0.951709363563331 0.951709363563331 0.953494599660805 0.953494599660805
42 0.941176470588235 0.926631182894375 0.926631182894375 0.923969899972469 0.928420666238414 0.928420666238414 0.93213728549142 0.933926768835459 0.933146737634211 0.94030467101037 0.94030467101037 0.94030467101037 0.933009085069285 0.933009085069285
43 NA 0.800653594771242 0.800653594771242 0.805555555555556 0.812719959778783 0.812719959778783 0.819884364002011 0.827677224736048 0.814982403217697 0.826797385620915 0.826797385620915 0.826797385620915 0.826797385620915 0.826797385620915
44 0.883359456635319 0.876175548589342 0.876175548589342 0.879223267154302 0.883490073145246 0.883490073145246 0.882096830372692 0.882096830372692 0.88205329153605 0.876872169975618 0.876872169975618 0.876872169975618 0.874303378613723 0.874303378613723
45 NA 0.738148148148148 0.738148148148148 0.741975308641975 0.75320987654321 0.75320987654321 0.764691358024691 0.76320987654321 0.759814814814815 0.759135802469136 0.759135802469136 0.759135802469136 0.780246913580247 0.780246913580247
46 NA 0.709478021978022 0.709478021978022 0.709478021978022 0.717065672422815 0.717065672422815 0.720761381475667 0.725013082155939 0.725732600732601 0.748724489795918 0.748724489795918 0.748724489795918 0.747121925693354 0.747121925693354
47 0.925279828530603 0.911169326030007 0.911169326030007 0.911169326030007 0.916825434627292 0.916825434627292 0.920814479638009 0.920814479638009 0.913967611336032 0.917658966420576 0.917658966420576 0.917658966420576 0.910216718266254 0.910216718266254
48 0.924460431654676 0.924460431654676 0.924038160775727 0.925195495777291 0.924460431654676 0.924460431654676 0.920863309352518 0.922380356584298 0.922395996246481 0.921723490772599 0.921723490772599 0.921723490772599 0.921723490772599 0.923021582733813
49 NA NA NA NA 0.571078431372549 0.571078431372549 0.584119496855346 0.594755826859045 0.595680725120237 0.630965593784684 0.630965593784684 0.630965593784684 0.618294487606363 0.618294487606363
50 0.896240601503759 0.874812030075188 0.874812030075188 0.880075187969925 0.891353383458647 0.891353383458647 0.903383458646617 0.913157894736842 0.895864661654135 0.895864661654135 0.895864661654135 0.895864661654135 0.861654135338346 0.861654135338346
51 0.890587556581166 0.890587556581166 0.891186651282506 0.89131978343836 0.8929173693086 0.8929173693086 0.885195704269104 0.884530043489838 0.884108458329635 0.88186740037277 0.88186740037277 0.88186740037277 0.881246116978788 0.887547705689181
52 0.948582933250736 0.948582933250736 0.949622779265028 0.949622779265028 0.949313037899069 0.949313037899069 0.943383703179274 0.943383703179274 0.943560698245536 0.944556295493263 0.944556295493263 0.944556295493263 0.944556295493263 0.94468904179296
53 0.577743902439024 0.577743902439024 0.577743902439024 0.581707317073171 0.585975609756098 0.585975609756098 0.590243902439024 0.577743902439024 0.579573170731707 0.583841463414634 0.583841463414634 0.583841463414634 0.583841463414634 0.583841463414634
54 NA 0.764139941690962 0.764139941690962 0.764407191448008 0.777696793002915 0.777696793002915 0.809742468415938 0.811273080660836 0.810592808551992 0.823153547133139 0.823153547133139 0.823153547133139 0.812050534499514 0.812050534499514
55 0.959529431258026 0.959529431258026 0.959529431258026 0.963008988857131 0.965494387142206 0.965494387142206 0.958866658382006 0.954765751211632 0.954765751211632 0.954807174516383 0.954807174516383 0.954807174516383 0.971625036245392 0.971625036245392
56 0.795772741812455 0.805196722521591 0.805196722521591 0.80790334883492 0.817007455525209 0.817007455525209 0.8352648802933 0.836790433306267 0.841219458182623 0.838611254644325 0.838611254644325 0.838611254644325 0.840505893063655 0.840505893063655
57 NA NA NA 0.977411944869832 0.977411944869832 0.977411944869832 0.977411944869832 0.977411944869832 0.962863705972435 0.962863705972435 0.962863705972435 0.962863705972435 0.961332312404288 0.961332312404288
58 0.652747252747253 0.652747252747253 0.652747252747253 0.652747252747253 0.661773940345369 0.661773940345369 0.661773940345369 0.661773940345369 0.661773940345369 0.650863422291994 0.650863422291994 0.650863422291994 0.641444270015699 0.641444270015699
59 NA NA NA 0.8144750254842 0.827217125382263 0.827217125382263 0.836901121304791 0.848623853211009 0.848623853211009 0.848623853211009 0.848623853211009 0.848623853211009 0.848623853211009 0.848623853211009
60 NA 0.850425806451613 0.850425806451613 0.851045161290323 0.860541935483871 0.860541935483871 0.869935483870968 0.833135483870968 0.828748387096774 0.847122580645161 0.847122580645161 0.847122580645161 0.847122580645161 0.847122580645161
61 0.933026258279259 0.933026258279259 0.935110782368961 0.935110782368961 0.937430655952661 0.937430655952661 0.937430655952661 0.939347073260935 0.936959956964664 0.937161685102377 0.937161685102377 0.937161685102377 0.931916753521837 0.9357159667821
62 NA NA NA 0.822515212981744 0.831735201917758 0.839756592292089 0.825189009773188 0.830352203577356 0.820210215747741 0.802231237322515 0.802231237322515 0.802231237322515 0.789507652590817 0.789507652590817
63 0.961808624459227 0.961808624459227 0.96380890356794 0.965809182676653 0.967832720844769 0.967832720844769 0.96406475322138 0.963948457924362 0.963855421686747 0.963948457924362 0.963948457924362 0.963948457924362 0.963948457924362 0.963832162627343
64 0.931572173105733 0.931572173105733 0.930749266769354 0.929863059945562 0.933239085940962 0.933239085940962 0.933239085940962 0.930770366931825 0.934842698288777 0.935918806574811 0.935918806574811 0.935918806574811 0.935623404300213 0.935581203975271
65 NA 0.909351244402791 0.909351244402791 0.913516609392898 0.915833593668645 0.915833593668645 0.921639071123607 0.921639071123607 0.92445069249193 0.926689576174112 0.926689576174112 0.926689576174112 0.927158179735499 0.927158179735499
66 0.715450310559006 0.715450310559006 0.715450310559006 0.720496894409938 0.727484472049689 0.727484472049689 0.735248447204969 0.740683229813665 0.740683229813665 0.742624223602484 0.742624223602484 0.742624223602484 0.742624223602484 0.742624223602484
67 0.87097957686193 0.87097957686193 0.87097957686193 0.87660511189923 0.884798825975297 0.884798825975297 0.884798825975297 0.862418980066039 0.850189556071909 0.861807508866332 0.861807508866332 0.861807508866332 0.847009905833435 0.847009905833435
68 NA 0.930670926517572 0.930670926517572 0.924920127795527 0.925452609158679 0.925452609158679 0.925452609158679 0.925452609158679 0.936954206602769 0.936954206602769 0.936954206602769 0.936954206602769 0.940042598509052 0.940042598509052
69 0.857554801670146 0.826918058455115 0.826918058455115 0.82741388308977 0.841140396659708 0.841140396659708 0.848368997912317 0.848368997912317 0.847755741127349 0.86580114822547 0.86580114822547 0.86580114822547 0.896281315240083 0.896281315240083
70 0.871198066003261 0.871198066003261 0.871198066003261 0.870954442383014 0.882460973370064 0.882460973370064 0.882460973370064 0.928824422330916 0.931822866887802 0.932984764153595 0.932984764153595 0.932984764153595 0.920466258128596 0.920466258128596
71 0.990580847723705 0.990580847723705 0.990580847723705 0.990580847723705 0.990580847723705 0.990580847723705 0.990580847723705 0.990580847723705 0.990580847723705 0.990580847723705 0.990580847723705 0.990580847723705 0.990580847723705 0.990580847723705
72 0.941527272727273 0.941527272727273 0.941527272727273 0.955636363636364 0.958545454545455 0.958545454545455 0.961745454545455 0.961745454545455 0.962181818181818 0.963490909090909 0.963490909090909 0.963490909090909 0.954327272727273 0.954327272727273
73 0.958680855143323 0.958680855143323 0.958856613300099 0.959943118269261 0.963426325376282 0.963426325376282 0.959367909756175 0.959367909756175 0.959815294155242 0.958600965072061 0.958600965072061 0.958600965072061 0.960949733167162 0.960678106924871
74 0.887867857551815 0.887867857551815 0.888282949730906 0.88905587999542 0.893779342723005 0.893779342723005 0.893779342723005 0.894938738119776 0.894995992213443 0.89501030573686 0.89501030573686 0.89501030573686 0.89501030573686 0.894981678690026
75 0.954505626268216 0.954505626268216 0.954505626268216 0.956235011990408 0.957710754473344 0.957710754473344 0.953145176166759 0.953214351595647 0.953237410071942 0.95330658550083 0.95330658550083 0.95330658550083 0.95330658550083 0.952983766832688
76 0.580148619957537 0.544585987261146 0.544585987261146 0.549363057324841 0.560509554140127 0.560509554140127 0.573248407643312 0.581740976645435 0.573779193205945 0.57484076433121 0.57484076433121 0.57484076433121 0.545116772823779 0.545116772823779
77 0.943279372087319 0.939477557027226 0.939477557027226 0.951373558989453 0.952415992151092 0.952415992151092 0.959283787098357 0.959283787098357 0.973755212165808 0.973755212165808 0.973755212165808 0.973755212165808 0.973755212165808 0.973755212165808
78 0.840064102564103 0.866666666666667 0.866666666666667 0.875961538461538 0.875641025641026 0.875641025641026 0.88525641025641 0.891666666666667 0.905448717948718 0.905448717948718 0.905448717948718 0.905448717948718 0.908653846153846 0.908653846153846
79 NA 0.884070961718021 0.884070961718021 0.884070961718021 0.889878618113912 0.889878618113912 0.893800186741363 0.891503267973856 0.897105508870215 0.904014939309057 0.904014939309057 0.904014939309057 0.903846872082166 0.903846872082166
80 NA 0.799357945425361 0.799357945425361 0.806179775280899 0.818619582664527 0.818619582664527 0.831059390048154 0.841091492776886 0.869983948635634 0.870786516853933 0.870786516853933 0.870786516853933 0.86637239165329 0.86637239165329
81 NA 0.907303370786517 0.907303370786517 0.915329052969502 0.916131621187801 0.916131621187801 0.918940609951846 0.912520064205458 0.922552166934189 0.922552166934189 0.922552166934189 0.922552166934189 0.924558587479936 0.924558587479936
82 NA 0.589606152412025 0.589606152412025 0.593917501747844 0.599161034723841 0.599161034723841 0.611628990911209 0.614192495921697 0.615707294336984 0.582498252155675 0.582498252155675 0.582498252155675 0.58063388487532 0.58063388487532
83 NA 0.6792 0.6792 0.6824 0.6904 0.6904 0.7 0.7032 0.7064 0.6888 0.6888 0.6888 0.6912 0.6912
84 NA 0.926292407108239 0.926292407108239 0.934571890145396 0.934773828756058 0.934773828756058 0.936187399030695 0.936591276252019 0.948101777059774 0.948101777059774 0.948101777059774 0.948101777059774 0.948505654281099 0.948505654281099
85 NA 0.845947396672034 0.845947396672034 0.814009661835749 0.826086956521739 0.826086956521739 0.769994632313473 0.763553408480945 0.760601180891036 0.778582930756844 0.778582930756844 0.778582930756844 0.797369833601718 0.797369833601718
86 NA 0.8552 0.8552 0.864 0.8656 0.8656 0.8712 0.8584 0.8952 0.8952 0.8952 0.8952 0.8992 0.8992
87 NA 0.904501607717042 0.904501607717042 0.910932475884244 0.912540192926045 0.912540192926045 0.916398713826367 0.912540192926045 0.914147909967846 0.914147909967846 0.914147909967846 0.914147909967846 0.914147909967846 0.914147909967846
88 NA 0.73066889632107 0.73066889632107 0.736354515050167 0.8338127090301 0.8338127090301 0.838227424749164 0.841170568561873 0.843946488294314 0.846488294314381 0.846488294314381 0.846488294314381 0.849832775919732 0.849832775919732
89 NA 0.74758423394787 0.74758423394787 0.753178639542276 0.839383343928798 0.839383343928798 0.844596312778131 0.848029243483789 0.852956134774317 0.850826446280992 0.850826446280992 0.850826446280992 0.854386522568341 0.854386522568341
90 NA 0.918021680216802 0.918021680216802 0.925067750677507 0.927913279132791 0.927913279132791 0.931571815718157 0.931571815718157 0.923848238482385 0.918970189701897 0.918970189701897 0.918970189701897 0.919647696476965 0.919647696476965
91 NA 0.858871601445859 0.858871601445859 0.865157944365865 0.872230080150872 0.872230080150872 0.87969511236838 0.88032374666038 0.879459374508879 0.887474461731887 0.887474461731887 0.887474461731887 0.885038503850385 0.885038503850385
92 NA 0.7432 0.7432 0.748 0.7704 0.7704 0.792 0.8112 0.8176 0.784 0.784 0.784 0.7888 0.7888
93 NA 0.856689852700491 0.856689852700491 0.863645662847791 0.840323240589198 0.840323240589198 0.846972176759411 0.851370703764321 0.8495294599018 0.860986088379705 0.860986088379705 0.860986088379705 0.861497545008183 0.861497545008183
94 NA 0.827009646302251 0.827009646302251 0.831189710610932 0.841800643086817 0.841800643086817 0.852733118971061 0.861414790996785 0.870096463022508 0.857234726688103 0.857234726688103 0.857234726688103 0.866881028938907 0.866881028938907
95 NA 0.738862050456253 0.738862050456253 0.743961352657005 0.756038647342995 0.756038647342995 0.769189479334407 0.776972624798712 0.793344068706388 0.815888352120236 0.815888352120236 0.815888352120236 0.797101449275362 0.797101449275362
96 NA 0.64 0.64 0.6384 0.6224 0.6224 0.6064 0.6016 0.6 0.6912 0.6912 0.6912 0.6848 0.6848
97 0.917065449458882 0.890524920856954 0.890524920856954 0.891629242435397 0.899138629168814 0.899138629168814 0.899138629168814 0.899138629168814 0.898439225502466 0.908010012515645 0.908010012515645 0.908010012515645 0.935397187661047 0.935397187661047
98 NA 0.778314546430488 0.778314546430488 0.785292538915727 0.793880837359098 0.793880837359098 0.804079441760601 0.809447128287708 0.847020933977456 0.85829307568438 0.85829307568438 0.85829307568438 0.827697262479871 0.827697262479871
99 NA 0.7897634280613 0.7897634280613 0.793334325249219 0.799137033179586 0.799137033179586 0.804642166344294 0.805683678024104 0.807171551852403 0.807320339235233 0.807320339235233 0.807320339235233 0.810742449040321 0.810742449040321
100 NA 0.746365105008078 0.746365105008078 0.752288637587507 0.709208400646203 0.709208400646203 0.725901992460959 0.736672051696284 0.75767366720517 0.778675282714055 0.778675282714055 0.778675282714055 0.75767366720517 0.75767366720517
