1 38.9026513617061
2 37.8482105248307
3 35.7267150805322
4 34.021535600334
5 33.1893756407684
6 31.5502717479431
7 29.9809267953645
8 28.4975671312102
9 27.5523711540993
10 24.8614851903786
11 22.2638330221312
12 19.3503583155504
13 20.223519574497
14 19.3169404941469
15 15.7751602146731
16 16.6134501749306
17 12.1576767536247
18 13.0841962310389
19 11.3097730933727
20 9.72151553688357
21 9.07682387186726
22 7.88334875507508
23 6.02395701681939
24 4.56170343173831
25 3.25980719494599
26 2.68163216248237
27 1.09567013214939
28 1.07552660169031
29 1.06509143807824
30 1.56738602604314
31 3.07747735016956
32 3.73641168983589
33 5.85016836504738
34 5.98466584300772
35 7.52076712597201
36 8.56928452306126
37 8.00098389160404
38 9.78158841969599
39 10.1717820103479
40 10.9422123183056
41 12.078493482961
42 13.7512085944224
43 15.5559119245122
44 15.593130950032
45 17.0633681919034
46 17.9221028906465
47 18.5997925359889
48 19.8218742661267
49 20.3087661502171
50 21.2558683660224
