1 1 30.3726513617061
1 2 32.6382105248307
1 3 32.7517150805322
1 4 32.081535600334
1 5 31.6243756407684
1 6 30.8852717479431
1 7 29.6159267953645
1 8 28.7625671312102
1 9 27.6173711540993
1 10 25.4914851903786
1 11 25.1288330221312
1 12 24.4203583155504
1 13 22.878519574497
1 14 22.1619404941469
1 15 20.8901602146731
1 16 19.9834501749306
1 17 18.4976767536247
1 18 18.0291962310389
1 19 16.9797730933727
1 20 15.6965155368836
1 21 15.0018238718673
1 22 13.4283487550751
1 23 12.7689570168194
1 24 11.6217034317383
1 25 10.684807194946
1 26 9.50163216248238
1 27 8.80567013214939
1 28 7.52052660169031
1 29 7.14990856192176
1 30 6.27261397395687
1 31 5.95252264983044
1 32 4.71358831016411
1 33 4.10983163495263
1 34 2.89533415699228
1 35 2.84923287402799
1 36 1.96071547693874
1 37 0.944016108395971
1 38 0.133411580303999
1 39 0.221782010347937
1 40 0.372212318305586
2 1 1.98765136170611
2 2 0.0317894751693437
2 3 1.81328491946779
2 4 3.38346439966597
2 5 5.0806243592316
2 6 6.42972825205694
2 7 7.83407320463554
2 8 9.47743286878982
2 9 10.2776288459007
2 10 11.8035148096214
3 1 12.4326513617061
3 2 12.6182105248307
3 3 12.4167150805322
3 4 11.546535600334
3 5 11.3743756407684
3 6 10.0002717479431
3 7 8.71092679536446
3 8 7.62256713121018
3 9 6.79737115409934
3 10 5.82148519037857
3 11 4.58383302213122
3 12 3.71035831555037
3 13 3.15851957449698
3 14 2.26194049414691
3 15 1.15516021467313
3 16 0.0365498250693861
3 17 0.652323246375275
3 18 2.07080376896111
3 19 2.68022690662728
3 20 3.74348446311644
3 21 4.27317612813274
3 22 4.03665124492492
3 23 5.9310429831806
3 24 6.8932965682617
3 25 8.49519280505401
4 1 11.0476513617061
4 2 9.94821052483066
4 3 7.96671508053221
4 4 6.25153560033403
4 5 4.7393756407684
4 6 3.18027174794306
4 7 1.76592679536446
4 8 0.497432868789822
4 9 1.95762884590066
4 10 3.53851480962143
4 11 4.50116697786878
4 12 6.12464168444963
4 13 7.70648042550302
4 14 8.85805950585309
4 15 10.6648397853269
5 1 5.62765136170611
5 2 3.54321052483066
5 3 2.35671508053222
5 4 0.471535600334033
5 5 1.2156243592316
5 6 2.83472825205694
5 7 4.26407320463554
5 8 5.91243286878982
5 9 7.56262884590067
5 10 9.22351480962143
