2 1 1.40265136170611
2 2 0.581789475169344
2 3 2.80328491946779
2 4 4.36846439966597
2 5 6.4306243592316
2 6 7.31972825205694
2 7 9.11907320463554
2 8 10.5624328687898
2 9 11.9176288459007
2 10 12.5385148096214
3 5 15.0393756407684
3 6 13.9802717479431
3 7 12.1309267953645
3 8 11.0475671312102
3 9 9.60237115409934
3 10 9.31148519037857
3 11 7.39383302213122
3 12 6.44035831555038
3 13 5.37351957449697
3 14 4.2569404941469
3 15 3.29516021467313
3 16 1.71345017493061
3 17 0.817676753624724
3 18 0.875803768961106
3 19 1.11022690662728
3 20 2.78848446311644
4 5 11.6093756407684
4 6 10.4402717479431
4 7 10.3409267953645
4 8 8.24756713121018
4 9 8.22237115409933
4 10 6.88148519037857
4 11 6.33383302213122
4 12 5.51035831555038
4 13 4.88351957449697
4 14 3.74694049414691
4 15 2.45516021467314
4 16 2.04345017493061
4 17 1.17767675362473
4 18 0.135803768961104
4 19 1.20022690662728
4 20 2.30848446311644
5 5 13.0693756407684
5 6 11.3202717479431
5 7 10.4309267953645
5 8 8.91756713121018
5 9 6.79237115409934
5 10 5.50148519037857
5 11 4.54383302213122
5 12 2.97035831555037
5 13 1.03351957449698
5 14 0.566940494146905
5 15 1.18483978532687
5 16 2.68654982506938
5 17 3.40232324637527
5 18 5.4258037689611
5 19 5.79022690662728
5 20 7.17848446311643
5 21 7.47317612813274
5 22 9.29665124492492
5 23 9.7510429831806
5 24 12.0482965682617
5 25 13.130192805054
6 1 1.83265136170611
6 2 0.518210524830657
6 3 1.77328491946779
6 4 3.07846439966597
6 5 4.9506243592316
6 6 6.66972825205695
6 7 8.27907320463554
6 8 8.63243286878982
6 9 10.3876288459007
6 10 11.6685148096214
