1 "547 571 10 96 200 358 266 327 74"
2 "475 324 319 44 55 482 110 241 517"
3 "544 87 83 10 198 466 33 473 360"
4 "558 92 42 10 203 146 50 385 28"
5 "574 96 42 10 375 52 28 395 505"
6 "414 76 70 23 39 167 408 139 7"
7 "520 554 91 516 97 349 11 319 463"
8 "548 572 95 10 538 265 358 327 526"
9 "57 64 242 4 168 33 32 276 52"
10 "111 508 53 692 269 447 77 654 522"
11 "552 92 86 10 202 384 28 50 490"
12 "43 383 489 333 15 100 54 287 26"
13 "238 184 183 84 268 174 64 924 140"
14 "120 362 72 572 113 125 170 611 46"
15 "531 91 555 517 193 456 349 319 463"
16 "84 157 38 125 206 25 46 473 254"
17 "547 96 571 147 525 537 475 266 358"
18 "562 93 88 10 377 28 396 385 51"
19 "535 559 91 9 195 263 325 469 355"
20 "548 90 38 10 572 490 373 84 125"
21 "59 62 303 5 163 36 359 55 18"
22 "86 506 473 469 180 410 91 240 69"
23 "540 566 94 10 198 321 13 220 74"
24 "289 54 481 218 126 254 577 371 90"
25 "582 564 95 10 664 605 74 27 399"
26 "109 488 38 28 59 368 7 85 60"
27 "572 41 120 31 175 64 263 109 564"
28 "393 415 67 6 7 229 383 372 51"
29 "90 548 38 10 572 490 373 48 125"
30 "57 299 60 159 98 4 313 35 21"
31 "105 335 99 109 577 150 56 93 441"
32 "156 82 36 123 477 24 45 76 448"
33 "169 91 554 140 520 510 83 216 11"
34 "302 59 28 85 338 36 358 62 55"
35 "220 155 73 382 708 23 58 17 424"
36 "182 42 96 10 374 28 394 52 234"
37 "106 717 61 690 110 677 576 73 438"
38 "283 58 55 315 33 51 331 373 6"
39 "315 571 96 147 341 223 74 88 358"
40 "175 92 42 10 365 28 385 50 496"
41 "113 121 219 182 636 183 41 775 16"
42 "113 186 69 16 353 572 703 43 20"
43 "182 96 42 10 376 28 396 52 87"
44 "695 135 230 902 42 802 94 424 65"
45 "79 29 22 135 60 208 30 72 9"
46 "314 101 59 342 547 70 90 127 46"
47 "134 59 62 85 339 36 359 55 22"
48 "122 370 55 177 31 65 400 417 265"
49 "130 27 57 335 81 35 60 347 54"
50 "177 96 51 154 347 61 86 225 359"
51 "94 276 42 299 430 66 86 489 312"
52 "40 140 299 662 66 63 17 648 96"
53 "304 89 548 138 329 214 81 507 345"
54 "204 561 73 199 125 349 170 147 21"
55 "168 555 90 139 563 215 511 11 82"
56 "154 84 38 124 472 25 46 360 78"
57 "431 83 577 263 96 294 286 17 128"
58 "122 370 55 177 31 65 400 417 265"
59 "319 101 590 155 345 528 15 136 42"
60 "174 94 389 84 343 240 165 59 151"
