1 "547 571 10 96 200 358 266 327 74 223 13 88 533 35 525 127 55 86 167 522 125 182 468 347 409"
2 "475 324 319 44 55 482 110 241 517 555 79 85 746 423 66 499 416 21 87 152 116 277 655 603 162"
3 "544 87 83 10 198 466 33 473 360 266 329 13 530 53 260 99 85 121 131 186 164 180 349 407 136"
4 "558 92 42 10 203 146 50 385 28 86 83 34 82 120 490 549 263 319 62 119 264 184 539 181 147"
5 "574 96 42 10 375 52 28 395 505 282 87 90 536 34 135 125 274 559 565 121 64 124 162 382 247"
6 "414 76 70 23 39 167 408 139 7 55 34 67 403 65 84 117 282 129 368 169 338 235 90 33 263"
7 "520 554 91 516 97 349 11 319 463 511 259 52 33 83 81 9 128 561 160 193 119 175 340 339 281"
8 "548 572 95 10 538 265 358 327 526 476 87 54 35 85 534 134 28 341 65 166 523 124 181 348 347"
9 "57 64 242 4 168 33 32 276 52 35 49 283 244 89 184 19 27 14 388 362 123 374 104 186 189"
10 "111 508 53 692 269 447 77 654 522 162 19 334 588 857 843 116 350 310 364 136 451 168 694 298 465"
11 "552 92 86 10 202 384 28 50 490 270 42 83 80 34 119 82 262 536 115 62 372 118 324 371 300"
12 "43 383 489 333 15 100 54 287 26 339 106 358 326 429 79 85 75 187 492 51 291 109 442 290 130"
13 "238 184 183 84 268 174 64 924 140 54 167 915 85 432 444 685 232 580 774 356 277 574 204 226 390"
14 "120 362 72 572 113 125 170 611 46 45 827 14 731 69 36 530 319 476 462 147 469 181 616 165 316"
15 "531 91 555 517 193 456 349 319 463 37 279 52 521 83 9 128 33 259 100 160 257 511 175 339 281"
16 "84 157 38 125 206 25 46 473 254 75 78 8 62 366 245 104 113 73 187 185 307 103 353 283 471"
17 "547 96 571 147 525 537 475 266 358 39 129 55 36 135 88 265 102 341 10 66 125 182 347 409 301"
18 "562 93 88 10 377 28 396 385 51 280 34 502 35 84 85 118 271 550 546 64 336 117 543 154 384"
19 "535 559 91 9 195 263 325 469 355 516 52 37 83 81 521 257 120 34 128 513 62 306 177 119 133"
20 "548 90 38 10 572 490 373 84 125 48 260 118 324 112 25 81 12 311 532 236 7 268 175 361 142"
21 "59 62 303 5 163 36 359 55 18 52 22 404 231 91 370 16 240 120 376 165 422 140 203 97 287"
22 "86 506 473 469 180 410 91 240 69 291 60 50 23 315 54 78 123 255 417 115 122 414 152 146 309"
23 "540 566 94 10 198 321 13 220 74 263 350 35 86 99 88 119 517 381 100 165 123 245 180 341 399"
24 "289 54 481 218 126 254 577 371 90 42 63 109 493 443 80 88 81 299 677 143 108 510 152 648 386"
25 "582 564 95 10 664 605 74 27 399 71 379 32 50 280 88 505 471 435 85 212 183 286 386 450 135"
26 "109 488 38 28 59 368 7 85 60 330 440 97 499 581 103 99 274 475 467 214 447 604 131 199 369"
27 "572 41 120 31 175 64 263 109 564 415 65 91 504 10 511 114 808 355 736 150 361 317 214 700 678"
28 "393 415 67 6 7 229 383 372 51 23 332 60 188 36 85 68 89 121 230 369 412 35 205 283 98"
29 "90 548 38 10 572 490 373 48 125 84 267 538 260 591 118 81 12 532 62 236 311 175 413 361 130"
30 "57 299 60 159 98 4 313 35 21 236 227 17 51 87 54 122 366 116 403 103 413 136 283 93 245"
31 "105 335 99 109 577 150 56 93 441 46 348 81 784 130 132 110 94 220 261 13 129 340 11 170 691"
32 "156 82 36 123 477 24 45 76 448 441 71 60 93 8 73 131 375 177 471 254 186 144 353 252 6"
33 "169 91 554 140 520 510 83 216 11 122 37 349 52 81 69 97 333 33 259 82 241 507 160 6 119"
34 "302 59 28 85 338 36 358 62 55 7 5 18 91 369 190 230 35 46 346 119 27 164 420 295 103"
35 "220 155 73 382 708 23 58 17 424 590 597 60 541 136 632 6 95 175 753 204 507 333 191 271 375"
36 "182 42 96 10 374 28 394 52 234 87 90 84 70 102 135 148 273 560 123 281 564 382 7 124 334"
37 "106 717 61 690 110 677 576 73 438 349 593 336 431 19 126 59 14 260 32 507 129 693 167 12 244"
38 "283 58 55 315 33 51 331 373 6 295 25 215 84 179 342 32 67 42 101 322 361 154 276 24 204"
39 "315 571 96 147 341 223 74 88 358 13 103 327 86 368 39 10 525 55 266 35 66 125 167 6 522"
40 "175 92 42 10 365 28 385 50 496 86 83 80 68 97 142 82 263 542 395 271 373 119 7 163 181"
41 "113 121 219 182 636 183 41 775 16 65 95 149 424 539 552 54 590 7 23 325 563 470 225 207 151"
42 "113 186 69 16 353 572 703 43 20 451 364 13 82 100 517 67 137 562 273 119 502 813 140 191 781"
43 "182 96 42 10 376 28 396 52 87 513 90 84 70 102 135 121 274 561 377 282 565 384 7 124 188"
44 "695 135 230 902 42 802 94 424 65 444 566 25 127 22 862 108 199 51 335 634 385 267 669 621 586"
45 "79 29 22 135 60 208 30 72 9 71 100 54 83 69 82 116 39 281 265 163 16 92 123 249 139"
46 "314 101 59 342 547 70 90 127 46 123 621 79 355 85 264 105 23 44 608 91 126 166 346 10 178"
47 "134 59 62 85 339 36 359 55 22 7 5 18 82 91 231 191 35 46 120 347 27 421 165 296 104"
48 "122 370 55 177 31 65 400 417 265 12 108 41 631 116 110 131 771 581 554 312 647 151 363 357 146"
49 "130 27 57 335 81 35 60 347 54 6 17 78 4 87 104 187 34 260 343 122 379 161 413 214 100"
50 "177 96 51 154 347 61 86 225 359 533 104 263 139 482 38 113 12 99 617 271 350 135 145 465 8"
51 "94 276 42 299 430 66 86 489 312 77 18 43 192 114 112 109 230 24 440 17 304 88 617 111 9"
52 "40 140 299 662 66 63 17 648 96 459 542 336 473 123 64 748 132 211 192 135 252 600 442 9 411"
53 "304 89 548 138 329 214 81 507 345 33 354 52 120 79 67 11 96 100 275 256 512 239 117 6 158"
54 "204 561 73 199 125 349 170 147 21 31 217 95 379 123 57 515 607 187 304 484 735 372 232 176 449"
55 "168 555 90 139 563 215 511 11 82 531 121 37 52 347 81 69 57 97 258 146 517 508 118 6 338"
56 "154 84 38 124 472 25 46 360 78 437 11 73 8 241 95 75 342 466 272 370 349 296 142 248 444"
57 "431 83 577 263 96 294 286 17 128 60 409 72 36 543 108 710 77 23 216 76 125 61 106 446 148"
58 "122 370 55 177 31 65 400 417 265 12 108 41 631 116 110 131 771 581 554 312 647 151 363 357 146"
59 "319 101 590 155 345 528 15 136 42 29 93 60 133 12 143 331 573 359 467 274 118 525 7 176 13"
60 "174 94 389 84 343 240 165 59 151 120 21 148 512 294 96 446 362 17 5 419 356 398 210 318 167"
