1 "102 475 358 74 219 86 35 55 96 327 41 39 90 270 348 289 139 162"
2 "517 679 66 113 105 416 110 196 87 201 327 655 603 107 245 23 616 345"
3 "98 360 473 343 15 83 33 329 265 111 69 39 270 58 165 159 291 62"
4 "92 151 385 97 365 83 368 263 86 98 37 120 504 542 132 276 598 298"
5 "102 157 395 375 96 87 378 28 103 125 215 108 520 137 559 287 617 171"
6 "117 27 408 76 189 23 70 65 58 229 85 366 403 252 240 427 216 130"
7 "97 349 463 69 333 98 83 52 33 319 102 57 161 263 282 274 549 256"
8 "101 476 358 73 341 85 54 95 327 42 38 89 269 348 289 35 138 161"
9 "280 49 20 64 130 16 220 276 22 71 5 283 244 41 319 251 81 76"
10 "522 6 111 126 162 229 654 116 114 334 64 364 694 355 13 375 280 633"
11 "150 92 384 262 368 552 28 37 490 86 344 119 594 498 267 400 536 275"
12 "42 33 510 121 55 85 65 79 28 101 358 458 492 442 293 190 226 200"
13 "3 174 924 162 89 205 21 230 166 444 310 64 801 540 676 52 701 255"
14 "70 469 10 110 236 50 120 344 113 572 375 129 32 107 734 671 138 476"
15 "97 349 463 333 69 81 98 52 109 319 91 26 340 263 362 282 155 161"
16 "84 133 30 347 366 73 245 33 78 478 46 327 450 354 509 259 396 473"
17 "102 475 358 74 341 86 55 103 115 327 96 39 270 281 168 372 64 289"
18 "502 396 28 34 226 114 97 553 88 149 112 414 76 509 385 285 21 601"
19 "97 355 469 339 69 98 83 52 41 325 37 91 267 162 288 60 102 326"
20 "95 373 354 490 14 78 32 84 90 106 64 592 498 56 202 272 534 401"
21 "108 22 359 55 339 59 62 317 24 231 52 36 189 218 245 165 267 117"
22 "417 315 69 50 198 86 111 13 36 291 60 328 80 49 223 458 339 292"
23 "465 551 350 74 540 88 15 321 112 94 125 55 517 260 364 218 284 245"
24 "63 613 42 81 299 543 169 703 290 34 41 186 675 590 225 22 139 598"
25 "100 151 399 95 88 564 84 20 37 71 36 505 227 387 285 22 160 578"
26 "158 109 60 368 29 37 128 39 499 28 129 50 447 440 552 120 278 131"
27 "95 120 415 187 54 302 110 32 152 578 114 53 518 126 229 642 144 314"
28 "67 51 248 243 69 87 404 37 229 62 24 260 372 23 186 43 411 318"
29 "95 373 490 144 32 64 78 84 90 106 577 202 272 362 387 401 532 231"
30 "104 21 347 54 78 60 17 23 164 335 313 241 89 161 378 45 113 263"
31 "45 441 348 338 46 110 819 716 99 81 320 56 340 691 663 120 624 485"
32 "82 131 365 36 205 348 123 24 76 60 441 31 448 381 353 383 507 471"
33 "97 349 463 333 69 83 98 52 109 319 26 39 550 263 161 120 155 282"
34 "107 22 358 338 55 59 62 316 67 24 230 36 257 68 244 217 164 266"
35 "18 155 424 125 177 98 690 607 59 58 326 73 710 263 518 96 514 663"
36 "102 157 394 96 374 148 273 377 115 103 90 137 520 125 286 410 560 619"
37 "73 106 784 123 42 349 798 635 41 717 126 10 597 28 693 264 398 168"
38 "16 331 369 6 174 51 55 58 8 295 27 157 177 229 349 63 251 154"
39 "102 475 358 74 341 103 88 55 127 327 39 108 567 270 162 41 168 289"
40 "97 151 385 92 365 83 86 15 34 110 28 37 276 373 598 401 496 414"
41 "183 121 54 695 271 838 107 32 444 53 113 598 92 723 678 57 552 202"
42 "67 9 113 226 161 129 849 106 35 364 66 531 357 720 619 335 502 464"
43 "102 513 396 157 230 623 121 28 115 96 90 125 384 521 412 215 287 561"
44 "64 573 444 51 108 121 11 282 56 127 733 42 829 86 905 678 581 85"
45 "377 79 208 22 38 37 116 291 33 100 399 213 104 60 83 29 166 307"
46 "105 355 342 8 93 101 29 57 547 127 17 44 46 162 759 325 672 269"
47 "108 22 359 339 55 59 62 317 24 231 52 67 165 245 267 36 258 218"
48 "41 189 122 66 410 304 144 581 260 417 31 46 521 166 646 131 146 316"
49 "104 21 347 54 78 60 17 23 227 313 182 241 89 35 161 51 378 214"
50 "38 668 359 50 96 347 118 132 61 43 204 104 444 86 350 25 552 276"
51 "66 639 94 391 42 41 286 320 715 312 489 7 26 404 86 617 461 702"
52 "50 336 587 408 499 131 64 63 103 33 7 91 96 14 136 418 628 442"
53 "33 459 345 67 329 79 96 255 52 316 39 89 260 358 159 107 278 336"
54 "13 147 96 379 76 126 263 139 170 55 639 15 457 735 667 755 528 609"
55 "96 347 463 146 69 97 81 108 52 317 101 90 338 33 262 160 363 280"
56 "30 444 437 25 203 73 78 46 471 84 322 376 33 349 255 39 502 466"
57 "60 83 176 371 294 39 409 710 50 97 86 40 101 590 384 675 536 418"
58 "41 189 122 66 410 304 144 581 260 417 31 46 521 166 646 131 146 316"
59 "106 359 79 101 345 351 60 205 331 42 373 107 95 295 583 38 528 69"
60 "165 446 240 64 277 77 419 84 342 512 123 294 292 92 141 88 121 194"
