1 "102 475 358 74 219 86"
2 "517 679 66 113 105 416"
3 "98 360 473 343 15 83"
4 "92 151 385 97 365 83"
5 "102 157 395 375 96 87"
6 "117 27 408 76 189 23"
7 "97 349 463 69 333 98"
8 "101 476 358 73 341 85"
9 "280 49 20 64 130 16"
10 "522 6 111 126 162 229"
11 "150 92 384 262 368 552"
12 "42 33 510 121 55 85"
13 "3 174 924 162 89 205"
14 "70 469 10 110 236 50"
15 "97 349 463 333 69 81"
16 "84 133 30 347 366 73"
17 "102 475 358 74 341 86"
18 "502 396 28 34 226 114"
19 "97 355 469 339 69 98"
20 "95 373 354 490 14 78"
21 "108 22 359 55 339 59"
22 "417 315 69 50 198 86"
23 "465 551 350 74 540 88"
24 "63 613 42 81 299 543"
25 "100 151 399 95 88 564"
26 "158 109 60 368 29 37"
27 "95 120 415 187 54 302"
28 "67 51 248 243 69 87"
29 "95 373 490 144 32 64"
30 "104 21 347 54 78 60"
31 "45 441 348 338 46 110"
32 "82 131 365 36 205 348"
33 "97 349 463 333 69 83"
34 "107 22 358 338 55 59"
35 "18 155 424 125 177 98"
36 "102 157 394 96 374 148"
37 "73 106 784 123 42 349"
38 "16 331 369 6 174 51"
39 "102 475 358 74 341 103"
40 "97 151 385 92 365 83"
41 "183 121 54 695 271 838"
42 "67 9 113 226 161 129"
43 "102 513 396 157 230 623"
44 "64 573 444 51 108 121"
45 "377 79 208 22 38 37"
46 "105 355 342 8 93 101"
47 "108 22 359 339 55 59"
48 "41 189 122 66 410 304"
49 "104 21 347 54 78 60"
50 "38 668 359 50 96 347"
51 "66 639 94 391 42 41"
52 "50 336 587 408 499 131"
53 "33 459 345 67 329 79"
54 "13 147 96 379 76 126"
55 "96 347 463 146 69 97"
56 "30 444 437 25 203 73"
57 "60 83 176 371 294 39"
58 "41 189 122 66 410 304"
59 "106 359 79 101 345 351"
60 "165 446 240 64 277 77"
