1 "348 96 74 341 13 55 358 204 475 35 90 71 265 79 45"
2 "319 517 416 66 44 336 110 23 327 298 21 79 95 87 201"
3 "138 98 343 53 83 473 111 260 58 329 69 265 76 87 85"
4 "92 373 151 13 365 385 263 28 86 585 73 542 103 142 366"
5 "96 383 157 574 13 28 395 38 108 274 512 604 426 87 354"
6 "76 117 192 9 189 229 39 70 349 403 55 58 23 331 20"
7 "340 91 69 333 11 52 349 97 463 37 66 96 39 140 85"
8 "348 95 73 341 13 54 526 476 38 327 89 45 70 595 44"
9 "280 49 20 64 276 130 16 22 71 33 59 27 145 26 4"
10 "115 447 6 111 126 229 64 522 114 364 654 269 48 162 88"
11 "92 372 150 262 384 222 13 28 490 86 50 37 102 43 141"
12 "91 287 65 510 37 358 35 54 101 132 79 458 121 39 339"
13 "3 174 84 528 162 56 310 444 125 65 64 187 608 230 175"
14 "120 462 10 70 236 50 32 30 469 375 46 129 69 759 110"
15 "340 91 69 333 11 52 33 463 349 102 66 343 158 83 43"
16 "84 354 133 347 11 245 46 33 443 78 73 90 474 39 399"
17 "348 96 74 341 13 55 358 475 102 39 165 71 352 41 147"
18 "502 396 34 28 33 226 271 51 93 88 38 553 114 378 160"
19 "135 91 69 339 11 52 83 325 469 33 257 85 102 96 118"
20 "362 95 354 490 48 38 373 260 84 64 90 577 35 40 137"
21 "22 108 21 339 359 55 24 236 36 231 62 67 29 72 64"
22 "417 315 32 69 31 198 50 86 60 67 80 74 36 306 78"
23 "342 94 74 335 551 55 102 465 35 163 321 88 71 41 45"
24 "371 63 613 42 218 299 703 105 89 41 404 46 81 38 274"
25 "137 100 151 95 399 379 85 88 27 571 36 37 80 131 380"
26 "109 158 357 60 43 368 28 266 499 50 440 128 103 156 53"
27 "127 504 187 54 120 578 415 53 241 64 46 114 126 680 99"
28 "326 67 51 7 37 393 229 404 12 24 248 73 49 55 258"
29 "362 95 490 354 373 64 260 84 90 34 48 577 127 100 58"
30 "21 104 20 335 54 23 232 35 227 347 60 28 313 69 311"
31 "434 105 573 215 348 38 56 819 45 99 441 41 108 533 87"
32 "82 353 131 477 31 245 76 441 365 45 345 499 24 38 397"
33 "340 91 69 333 11 52 349 197 463 37 85 66 102 83 334"
34 "22 107 21 338 358 55 24 235 36 230 62 67 29 30 64"
35 "155 18 507 73 326 424 125 41 58 282 98 59 121 96 144"
36 "143 102 157 96 576 386 115 273 108 52 85 19 87 28 77"
37 "106 431 73 42 784 657 349 28 438 41 258 59 52 717 635"
38 "20 315 193 16 51 403 8 112 157 76 58 26 326 62 215"
39 "348 96 74 341 13 55 105 204 525 475 90 71 46 147 79"
40 "373 92 151 97 365 385 28 42 496 86 263 43 103 142 13"
41 "546 41 32 539 838 53 121 113 598 271 444 95 46 57 109"
42 "451 67 82 113 226 47 364 29 27 849 531 66 141 103 106"
43 "96 384 28 376 607 396 274 157 13 52 513 90 108 87 44"
44 "566 733 108 135 11 22 444 42 282 127 987 678 56 573 123"
45 "79 377 244 22 38 208 37 60 83 94 191 33 45 71 291"
46 "105 346 8 101 214 355 57 96 547 85 17 93 44 343 133"
47 "189 22 108 339 359 55 7 18 231 52 62 430 67 236 72"
48 "122 507 189 55 304 66 410 581 427 46 31 116 54 100 685"
49 "21 104 20 335 54 23 227 60 35 347 28 232 313 311 69"
50 "433 38 50 578 25 359 45 263 61 668 104 132 111 328 54"
51 "391 94 66 513 320 41 312 26 639 77 7 24 88 43 76"
52 "112 408 79 499 63 124 25 33 96 208 336 103 473 155 527"
53 "336 89 345 67 329 11 18 459 52 33 255 39 94 83 43"
54 "13 147 96 445 76 379 263 55 139 505 755 15 173 639 131"
55 "338 90 347 69 331 18 33 463 52 157 101 139 39 95 93"
56 "360 84 25 342 349 30 437 241 46 78 494 39 90 124 140"
57 "371 83 60 176 294 409 39 86 101 61 710 40 50 72 77"
58 "122 507 189 55 304 66 410 581 427 46 31 116 54 100 685"
59 "150 106 79 101 354 345 60 47 528 573 44 50 76 93 84"
60 "317 84 292 65 446 342 40 88 325 294 419 240 77 48 466"
