1 "348 96 74 341 13 55 358"
2 "319 517 416 66 44 336 110"
3 "138 98 343 53 83 473 111"
4 "92 373 151 13 365 385 263"
5 "96 383 157 574 13 28 395"
6 "76 117 192 9 189 229 39"
7 "340 91 69 333 11 52 349"
8 "348 95 73 341 13 54 526"
9 "280 49 20 64 276 130 16"
10 "115 447 6 111 126 229 64"
11 "92 372 150 262 384 222 13"
12 "91 287 65 510 37 358 35"
13 "3 174 84 528 162 56 310"
14 "120 462 10 70 236 50 32"
15 "340 91 69 333 11 52 33"
16 "84 354 133 347 11 245 46"
17 "348 96 74 341 13 55 358"
18 "502 396 34 28 33 226 271"
19 "135 91 69 339 11 52 83"
20 "362 95 354 490 48 38 373"
21 "22 108 21 339 359 55 24"
22 "417 315 32 69 31 198 50"
23 "342 94 74 335 551 55 102"
24 "371 63 613 42 218 299 703"
25 "137 100 151 95 399 379 85"
26 "109 158 357 60 43 368 28"
27 "127 504 187 54 120 578 415"
28 "326 67 51 7 37 393 229"
29 "362 95 490 354 373 64 260"
30 "21 104 20 335 54 23 232"
31 "434 105 573 215 348 38 56"
32 "82 353 131 477 31 245 76"
33 "340 91 69 333 11 52 349"
34 "22 107 21 338 358 55 24"
35 "155 18 507 73 326 424 125"
36 "143 102 157 96 576 386 115"
37 "106 431 73 42 784 657 349"
38 "20 315 193 16 51 403 8"
39 "348 96 74 341 13 55 105"
40 "373 92 151 97 365 385 28"
41 "546 41 32 539 838 53 121"
42 "451 67 82 113 226 47 364"
43 "96 384 28 376 607 396 274"
44 "566 733 108 135 11 22 444"
45 "79 377 244 22 38 208 37"
46 "105 346 8 101 214 355 57"
47 "189 22 108 339 359 55 7"
48 "122 507 189 55 304 66 410"
49 "21 104 20 335 54 23 227"
50 "433 38 50 578 25 359 45"
51 "391 94 66 513 320 41 312"
52 "112 408 79 499 63 124 25"
53 "336 89 345 67 329 11 18"
54 "13 147 96 445 76 379 263"
55 "338 90 347 69 331 18 33"
56 "360 84 25 342 349 30 437"
57 "371 83 60 176 294 409 39"
58 "122 507 189 55 304 66 410"
59 "150 106 79 101 354 345 60"
60 "317 84 292 65 446 342 40"
