1 "102 358 475 74 154 348 103"
2 "517 416 66 196 105 87 327"
3 "98 360 473 343 350 15 33"
4 "92 385 151 97 365 373 28"
5 "102 157 395 375 96 87 28"
6 "117 27 408 76 189 23 252"
7 "97 349 463 333 69 340 98"
8 "101 476 358 153 73 348 95"
9 "280 49 20 64 130 16 276"
10 "522 6 111 364 102 229 692"
11 "490 384 262 28 92 368 42"
12 "42 33 108 55 160 323 65"
13 "3 174 924 162 89 434 21"
14 "70 469 10 236 170 50 120"
15 "97 349 463 333 69 340 98"
16 "84 133 366 30 347 73 245"
17 "102 358 475 154 74 348 103"
18 "502 396 28 34 226 33 97"
19 "97 355 469 339 69 346 98"
20 "95 373 354 490 362 14 90"
21 "108 22 359 339 21 55 18"
22 "417 315 69 50 198 86 114"
23 "465 551 350 74 216 88 15"
24 "63 613 299 81 42 543 703"
25 "100 151 399 95 379 387 88"
26 "158 109 368 60 29 124 167"
27 "95 120 415 31 54 53 175"
28 "67 51 372 68 159 37 326"
29 "95 373 490 144 362 32 64"
30 "104 21 355 335 54 89 17"
31 "45 441 348 338 46 819 110"
32 "82 365 131 24 205 348 353"
33 "97 349 463 333 69 340 98"
34 "107 22 358 338 21 55 18"
35 "18 155 424 125 177 98 59"
36 "102 157 394 96 374 148 377"
37 "73 717 106 123 349 42 798"
38 "16 331 369 174 6 51 177"
39 "102 358 475 154 74 348 103"
40 "97 385 151 92 365 373 28"
41 "183 121 54 444 838 428 53"
42 "67 9 113 364 226 103 35"
43 "102 513 396 28 230 384 96"
44 "64 573 444 51 108 428 135"
45 "377 79 208 22 38 37 116"
46 "105 355 342 8 346 101 214"
47 "108 22 359 339 21 55 18"
48 "41 189 122 417 304 66 108"
49 "104 21 355 335 54 89 17"
50 "38 668 359 433 50 62 347"
51 "66 417 511 510 702 312 94"
52 "50 336 587 408 499 131 64"
53 "33 345 459 329 67 79 255"
54 "13 147 96 379 125 56 445"
55 "96 347 463 146 69 97 338"
56 "360 84 25 342 494 349 241"
57 "60 83 371 176 294 39 409"
58 "41 189 122 417 304 66 108"
59 "106 359 79 101 345 351 60"
60 "181 446 240 244 77 117 277"
