1 "102 475 358 74 219 86 35 55 96 327"
2 "517 679 66 113 105 416 110 196 87 201"
3 "98 360 473 343 15 83 33 329 265 111"
4 "92 151 385 97 365 83 368 263 86 98"
5 "102 157 395 375 96 87 378 28 103 125"
6 "117 27 408 76 189 23 70 65 58 229"
7 "97 349 463 69 333 98 83 52 33 319"
8 "101 476 358 73 341 85 54 95 327 42"
9 "280 49 20 64 130 16 220 276 22 71"
10 "522 6 111 126 162 229 654 116 114 334"
11 "150 92 384 262 368 552 28 37 490 86"
12 "42 33 510 121 55 85 65 79 28 101"
13 "3 174 924 162 89 205 21 230 166 444"
14 "70 469 10 110 236 50 120 344 113 572"
15 "97 349 463 333 69 81 98 52 109 319"
16 "84 133 30 347 366 73 245 33 78 478"
17 "102 475 358 74 341 86 55 103 115 327"
18 "502 396 28 34 226 114 97 553 88 149"
19 "97 355 469 339 69 98 83 52 41 325"
20 "95 373 354 490 14 78 32 84 90 106"
21 "108 22 359 55 339 59 62 317 24 231"
22 "417 315 69 50 198 86 111 13 36 291"
23 "465 551 350 74 540 88 15 321 112 94"
24 "63 613 42 81 299 543 169 703 290 34"
25 "100 151 399 95 88 564 84 20 37 71"
26 "158 109 60 368 29 37 128 39 499 28"
27 "95 120 415 187 54 302 110 32 152 578"
28 "67 51 248 243 69 87 404 37 229 62"
29 "95 373 490 144 32 64 78 84 90 106"
30 "104 21 347 54 78 60 17 23 164 335"
31 "45 441 348 338 46 110 819 716 99 81"
32 "82 131 365 36 205 348 123 24 76 60"
33 "97 349 463 333 69 83 98 52 109 319"
34 "107 22 358 338 55 59 62 316 67 24"
35 "18 155 424 125 177 98 690 607 59 58"
36 "102 157 394 96 374 148 273 377 115 103"
37 "73 106 784 123 42 349 798 635 41 717"
38 "16 331 369 6 174 51 55 58 8 295"
39 "102 475 358 74 341 103 88 55 127 327"
40 "97 151 385 92 365 83 86 15 34 110"
41 "183 121 54 695 271 838 107 32 444 53"
42 "67 9 113 226 161 129 849 106 35 364"
43 "102 513 396 157 230 623 121 28 115 96"
44 "64 573 444 51 108 121 11 282 56 127"
45 "377 79 208 22 38 37 116 291 33 100"
46 "105 355 342 8 93 101 29 57 547 127"
47 "108 22 359 339 55 59 62 317 24 231"
48 "41 189 122 66 410 304 144 581 260 417"
49 "104 21 347 54 78 60 17 23 227 313"
50 "38 668 359 50 96 347 118 132 61 43"
51 "66 639 94 391 42 41 286 320 715 312"
52 "50 336 587 408 499 131 64 63 103 33"
53 "33 459 345 67 329 79 96 255 52 316"
54 "13 147 96 379 76 126 263 139 170 55"
55 "96 347 463 146 69 97 81 108 52 317"
56 "30 444 437 25 203 73 78 46 471 84"
57 "60 83 176 371 294 39 409 710 50 97"
58 "41 189 122 66 410 304 144 581 260 417"
59 "106 359 79 101 345 351 60 205 331 42"
60 "165 446 240 64 277 77 419 84 342 512"
