1 "102 358 475 74 154 348 103 55"
2 "517 416 66 196 105 87 327 113"
3 "98 360 473 343 350 15 33 69"
4 "92 385 151 97 365 373 28 38"
5 "102 157 395 375 96 87 28 378"
6 "117 27 408 76 189 23 252 70"
7 "97 349 463 333 69 340 98 52"
8 "101 476 358 153 73 348 95 54"
9 "280 49 20 64 130 16 276 22"
10 "522 6 111 364 102 229 692 116"
11 "490 384 262 28 92 368 42 222"
12 "42 33 108 55 160 323 65 79"
13 "3 174 924 162 89 434 21 444"
14 "70 469 10 236 170 50 120 30"
15 "97 349 463 333 69 340 98 52"
16 "84 133 366 30 347 73 245 143"
17 "102 358 475 154 74 348 103 55"
18 "502 396 28 34 226 33 97 88"
19 "97 355 469 339 69 346 98 52"
20 "95 373 354 490 362 14 90 32"
21 "108 22 359 339 21 55 18 62"
22 "417 315 69 50 198 86 114 13"
23 "465 551 350 74 216 88 15 94"
24 "63 613 299 81 42 543 703 169"
25 "100 151 399 95 379 387 88 20"
26 "158 109 368 60 29 124 167 128"
27 "95 120 415 31 54 53 175 578"
28 "67 51 372 68 159 37 326 404"
29 "95 373 490 144 362 32 64 90"
30 "104 21 355 335 54 89 17 422"
31 "45 441 348 338 46 819 110 24"
32 "82 365 131 24 205 348 353 31"
33 "97 349 463 333 69 340 98 52"
34 "107 22 358 338 21 55 18 62"
35 "18 155 424 125 177 98 59 282"
36 "102 157 394 96 374 148 377 273"
37 "73 717 106 123 349 42 798 635"
38 "16 331 369 174 6 51 177 8"
39 "102 358 475 154 74 348 103 55"
40 "97 385 151 92 365 373 28 86"
41 "183 121 54 444 838 428 53 113"
42 "67 9 113 364 226 103 35 849"
43 "102 513 396 28 230 384 96 157"
44 "64 573 444 51 108 428 135 733"
45 "377 79 208 22 38 37 116 60"
46 "105 355 342 8 346 101 214 57"
47 "108 22 359 339 21 55 18 62"
48 "41 189 122 417 304 66 108 260"
49 "104 21 355 335 54 89 17 422"
50 "38 668 359 433 50 62 347 61"
51 "66 417 511 510 702 312 94 88"
52 "50 336 587 408 499 131 64 96"
53 "33 345 459 329 67 79 255 96"
54 "13 147 96 379 125 56 445 263"
55 "96 347 463 146 69 97 338 52"
56 "360 84 25 342 494 349 241 13"
57 "60 83 371 176 294 39 409 710"
58 "41 189 122 417 304 66 108 260"
59 "106 359 79 101 345 351 60 44"
60 "181 446 240 244 77 117 277 419"
