1 1 9
1 2 7
1 3 7
1 4 6
1 5 4
1 6 5
1 7 3
1 8 2
1 9 4
2 1 9
2 2 5
2 3 7
2 4 5
2 5 5
2 6 6
2 7 5
2 8 2
2 9 2
2 10 2
2 11 2
3 1 10
3 2 7
3 3 7
3 4 6
3 5 4
3 6 5
3 7 4
3 8 1
3 9 3
4 1 10
4 2 6
4 3 8
4 4 5
4 5 4
4 6 5
4 7 3
4 8 4
5 1 10
5 2 6
5 3 7
5 4 5
5 5 4
5 6 4
5 7 3
5 8 4
6 1 9
6 2 7
6 3 5
6 4 7
6 5 4
6 6 5
6 7 4
7 1 9
7 2 7
7 3 7
7 4 6
7 5 4
7 6 5
7 7 3
7 8 2
7 9 3
8 1 9
8 2 7
8 3 8
8 4 6
8 5 4
8 6 5
8 7 3
8 8 1
8 9 3
9 1 7
9 2 7
9 3 4
9 4 5
9 5 5
9 6 2
9 7 2
9 8 2
10 1 8
10 2 5
10 3 5
10 4 6
10 5 4
10 6 6
10 7 6
10 8 1
10 9 2
10 10 3
10 11 2
10 12 2
11 1 9
11 2 6
11 3 7
11 4 5
11 5 4
11 6 5
11 7 3
11 8 4
12 1 6
12 2 4
12 3 4
12 4 3
12 5 4
12 6 1
12 7 3
12 8 3
13 1 7
13 2 4
13 3 5
13 4 3
13 5 4
13 6 1
13 7 5
13 8 2
13 9 5
13 10 3
13 11 2
14 1 9
14 2 5
14 3 6
14 4 4
14 5 4
14 6 6
14 7 1
14 8 5
14 9 2
14 10 2
14 11 3
14 12 2
15 1 8
15 2 7
15 3 8
15 4 5
15 5 4
15 6 5
15 7 4
15 8 2
15 9 3
16 1 8
16 2 6
16 3 6
16 4 7
16 5 4
16 6 4
16 7 2
16 8 3
17 1 8
17 2 7
17 3 7
17 4 6
17 5 4
17 6 5
17 7 3
17 8 1
17 9 3
18 1 10
18 2 6
18 3 7
18 4 5
18 5 4
18 6 5
18 7 3
18 8 1
18 9 4
19 1 9
19 2 7
19 3 7
19 4 6
19 5 4
19 6 5
19 7 3
19 8 1
19 9 3
20 1 11
20 2 7
20 3 8
20 4 6
20 5 4
20 6 5
20 7 3
20 8 2
20 9 2
20 10 3
21 1 10
21 2 5
21 3 6
21 4 5
21 5 4
21 6 2
21 7 3
22 1 8
22 2 6
22 3 7
22 4 4
22 5 5
22 6 4
22 7 2
22 8 1
22 9 2
22 10 3
23 1 9
23 2 6
23 3 7
23 4 6
23 5 4
23 6 5
23 7 3
23 8 1
23 9 4
24 1 8
24 2 5
24 3 7
24 4 5
24 5 4
24 6 5
24 7 4
24 8 1
24 9 1
24 10 3
25 1 10
25 2 6
25 3 4
25 4 6
25 5 5
25 6 5
25 7 1
25 8 2
25 9 2
25 10 3
26 1 9
26 2 5
26 3 6
26 4 4
26 5 2
26 6 5
26 7 2
26 8 4
26 9 1
26 10 2
27 1 9
27 2 5
27 3 7
27 4 4
27 5 4
27 6 5
27 7 5
27 8 2
27 9 1
27 10 3
27 11 2
28 1 7
28 2 6
28 3 7
28 4 5
28 5 4
28 6 2
28 7 1
28 8 5
29 1 11
29 2 7
29 3 8
29 4 6
29 5 4
29 6 5
29 7 3
29 8 2
29 9 2
29 10 3
30 1 11
30 2 5
30 3 7
30 4 5
30 5 4
30 6 2
30 7 3
31 1 16
31 2 14
31 3 19
31 4 12
31 5 9
31 6 1
31 7 25
31 8 11
31 9 13
31 10 23
31 11 22
32 1 21
32 2 15
32 3 13
32 4 21
32 5 13
32 6 25
32 7 22
32 8 13
33 1 20
33 2 19
33 3 19
33 4 14
33 5 12
33 6 24
33 7 21
33 8 11
33 9 12
34 1 25
34 2 16
34 3 19
34 4 12
34 5 12
34 6 21
34 7 15
35 1 15
35 2 9
35 3 9
35 4 16
35 5 12
35 6 2
35 7 23
35 8 17
35 9 25
35 10 21
35 11 24
35 12 5
36 1 20
36 2 14
36 3 18
36 4 12
36 5 10
36 6 24
36 7 21
36 8 12
37 1 16
37 2 12
37 3 18
37 4 12
37 5 11
37 6 1
37 7 25
37 8 8
37 9 22
37 10 11
38 1 24
38 2 19
38 3 17
38 4 11
38 5 15
38 6 20
38 7 17
39 1 20
39 2 19
39 3 19
39 4 15
39 5 11
39 6 25
39 7 21
39 8 11
39 9 13
40 1 21
40 2 15
40 3 18
40 4 12
40 5 11
40 6 1
40 7 24
40 8 12
41 1 18
41 2 11
41 3 10
41 4 16
41 5 10
41 6 1
41 7 9
41 8 23
41 9 16
41 10 10
41 11 14
42 1 17
42 2 10
42 3 17
42 4 11
42 5 11
42 6 1
42 7 25
42 8 4
42 9 15
42 10 23
42 11 9
43 1 21
43 2 15
43 3 18
43 4 12
43 5 10
43 6 1
43 7 22
43 8 11
44 1 15
44 2 10
44 3 9
44 4 18
44 5 14
44 6 24
44 7 2
44 8 25
44 9 11
44 10 24
44 11 11
44 12 10
44 13 20
44 14 9
45 1 12
45 2 5
45 3 16
45 4 7
45 5 1
45 6 10
45 7 20
45 8 7
46 1 17
46 2 14
46 3 11
46 4 15
46 5 13
46 6 1
46 7 25
46 8 6
46 9 19
46 10 20
46 11 25
47 1 24
47 2 16
47 3 18
47 4 12
47 5 12
47 6 14
47 7 15
48 1 19
48 2 11
48 3 17
48 4 10
48 5 11
48 6 25
48 7 25
48 8 6
48 9 20
48 10 19
48 11 24
48 12 10
49 1 25
49 2 16
49 3 18
49 4 11
49 5 12
49 6 14
49 7 15
50 1 20
50 2 13
50 3 13
50 4 16
50 5 11
50 6 25
50 7 23
50 8 15
50 9 3
50 10 16
50 11 13
51 1 16
51 2 13
51 3 18
51 4 12
51 5 11
51 6 1
51 7 24
51 8 11
51 9 14
51 10 21
52 1 15
52 2 9
52 3 16
52 4 9
52 5 10
52 6 25
52 7 3
52 8 25
52 9 13
52 10 20
52 11 8
53 1 19
53 2 19
53 3 20
53 4 14
53 5 14
53 6 25
53 7 23
53 8 11
53 9 12
54 1 12
54 2 7
54 3 10
54 4 6
54 5 3
54 6 9
54 7 25
54 8 11
54 9 24
54 10 12
55 1 19
55 2 20
55 3 19
55 4 14
55 5 11
55 6 24
55 7 23
55 8 11
55 9 14
56 1 21
56 2 15
56 3 15
56 4 19
56 5 11
56 6 25
56 7 22
56 8 16
57 1 16
57 2 14
57 3 25
57 4 10
57 5 11
57 6 1
57 7 25
57 8 21
57 9 21
57 10 24
57 11 15
58 1 19
58 2 11
58 3 17
58 4 10
58 5 11
58 6 25
58 7 25
58 8 6
58 9 20
58 10 19
58 11 24
58 12 10
59 1 18
59 2 18
59 3 19
59 4 14
59 5 11
59 6 25
59 7 4
59 8 23
59 9 13
60 1 10
60 2 5
60 3 3
60 4 3
60 5 6
60 6 7
60 7 11
60 8 23
60 9 14
