"Assay" "nA_2" "nA_3" "nA_4" "nA_5" "nA_6" "nA_7" "nA_8" "nA_9" "nA_10" "nA_11" "nA_12" "nA_13" "nA_14" "nA_15"
1 2 3 4 5 6 7 8 9 10 11 12 13 14 15
2 1 1 2 2 3 4 5 6 6 7 8 9 10 10
3 1 1 2 2 2 3 4 5 5 6 7 8 9 9
4 1 1 2 2 2 3 4 5 5 6 7 8 9 9
5 2 3 4 5 6 7 8 9 10 11 11 12 13 14
6 2 3 4 5 6 7 8 9 10 11 12 13 13 14
7 2 3 4 5 6 7 8 9 9 10 11 12 13 14
8 2 3 4 5 6 7 8 9 9 10 11 12 13 14
9 1 1 2 3 4 5 6 7 8 9 10 10 11 12
10 2 3 4 5 6 7 8 9 10 11 12 13 14 15
11 2 3 4 4 5 6 7 8 8 9 9 10 11 11
12 2 2 3 3 4 5 6 7 7 8 8 9 9 10
13 2 3 3 4 5 6 7 8 8 9 9 10 10 10
14 2 2 3 4 5 6 7 8 8 9 9 10 11 12
15 2 0 0 0 0 0 0 0 0 0 0 0 0 0
16 1 1 2 2 3 4 5 6 6 7 7 8 9 9
17 2 3 4 5 6 7 8 8 8 8 8 9 10 11
18 1 2 2 2 3 4 5 6 6 7 7 8 8 9
19 1 2 2 2 3 4 5 6 6 7 7 8 9 9
20 1 1 1 1 1 2 3 4 4 5 6 7 8 8
21 0 1 1 1 2 3 4 5 5 6 6 7 8 8
22 1 1 2 2 3 4 5 6 6 7 7 8 9 9
23 1 1 2 2 3 4 5 6 6 7 7 8 9 9
24 1 1 2 2 3 4 5 6 6 7 7 8 9 9
25 1 1 2 2 3 4 5 6 6 7 7 8 9 9
26 1 1 2 2 3 4 5 6 6 6 6 7 8 8
27 1 1 2 2 3 4 5 6 6 7 7 8 9 9
28 1 2 3 3 3 4 5 6 6 7 7 8 8 9
29 1 0 1 1 2 3 4 5 5 6 6 7 8 8
30 1 3 3 3 4 5 6 7 7 8 8 9 9 10
31 2 3 3 4 5 6 7 8 8 9 9 10 10 11
32 1 0 1 1 2 3 4 5 5 6 6 7 8 8
33 1 1 2 2 3 4 5 6 6 7 7 8 9 9
34 1 1 1 1 1 2 3 4 4 5 5 6 7 7
35 2 3 4 5 5 6 7 7 7 8 8 9 9 10
36 2 3 3 4 5 6 7 8 8 8 8 9 9 10
37 1 1 1 1 1 2 3 4 4 4 4 5 6 6
38 1 1 2 2 3 4 5 6 6 7 7 8 9 9
39 2 3 4 5 6 7 8 9 9 10 10 11 11 12
40 1 2 2 2 3 4 5 6 6 7 7 8 9 10
41 1 3 4 4 4 5 6 7 7 8 8 9 10 11
42 1 0 1 1 2 3 4 5 5 5 5 6 7 7
43 0 1 1 1 2 3 4 5 5 6 6 7 8 8
44 1 1 1 1 2 3 4 5 5 6 6 7 8 8
45 0 1 2 2 3 4 5 6 6 7 7 8 9 9
46 0 0 0 0 1 2 3 4 4 4 5 6 7 7
47 1 1 1 1 2 3 4 5 5 6 6 7 8 8
48 1 2 2 3 4 5 6 7 7 8 8 9 10 11
49 0 1 1 1 2 3 4 5 5 6 6 7 8 8
50 1 1 2 2 3 4 5 6 6 7 7 8 9 9
51 2 3 3 4 5 6 7 8 8 9 9 10 11 11
52 2 3 4 5 5 6 7 8 8 9 9 10 11 12
53 1 0 0 0 1 2 3 4 4 5 6 7 8 8
54 0 1 2 2 2 3 4 5 5 6 6 7 8 8
55 1 1 1 1 2 3 4 5 5 5 5 6 7 7
56 1 1 2 2 3 4 5 6 6 7 7 8 9 9
57 0 1 2 2 3 4 5 6 6 7 7 8 8 8
58 1 1 2 2 3 4 5 6 6 7 8 9 9 9
59 0 1 2 2 3 4 5 6 6 6 6 7 8 8
60 0 1 2 2 3 4 5 6 6 6 6 7 8 8
61 1 1 1 2 2 3 4 5 5 6 6 7 7 8
62 0 1 1 1 2 3 4 5 5 6 6 7 8 8
63 2 3 3 4 4 5 5 6 6 7 7 8 9 10
64 2 3 3 4 5 6 7 8 8 9 9 10 10 11
65 0 1 2 2 3 4 5 6 6 7 8 9 9 9
66 1 1 1 1 2 3 4 5 5 5 5 6 7 7
67 1 1 2 2 2 3 4 5 5 6 6 7 8 8
68 0 1 1 1 2 3 4 5 5 5 5 6 6 6
69 1 1 2 2 3 4 5 6 6 7 7 8 9 9
70 1 1 2 2 2 3 4 5 5 6 6 7 8 8
71 1 0 0 0 1 2 3 4 4 4 5 5 6 6
72 1 1 1 1 2 3 4 5 5 5 5 6 6 6
73 2 3 4 5 5 6 7 7 7 8 8 9 10 11
74 2 3 4 4 5 6 7 8 8 9 9 10 11 11
75 2 3 4 5 5 6 7 8 8 8 8 9 10 11
76 1 1 1 1 2 3 4 5 5 6 7 7 8 8
77 1 1 1 1 2 3 4 5 5 5 5 6 7 7
78 1 1 1 1 2 3 4 5 5 6 7 7 8 8
79 0 1 1 1 2 3 4 4 4 4 4 5 6 6
80 0 1 1 1 1 2 3 4 4 5 6 6 7 7
81 0 1 1 1 1 2 3 4 4 5 6 6 7 7
82 0 1 1 1 1 2 3 4 4 5 6 6 7 7
83 0 1 1 1 1 2 3 4 4 5 6 6 7 7
84 0 1 1 1 1 2 3 4 4 5 6 6 7 7
85 0 1 1 1 1 2 3 4 4 5 6 6 7 7
86 0 1 1 1 1 2 3 4 4 5 6 6 7 7
87 0 1 1 1 1 2 3 4 4 5 6 6 7 7
88 0 1 1 1 1 2 3 4 4 5 6 6 7 7
89 0 1 1 1 1 2 3 4 4 5 6 6 7 7
90 0 1 1 1 1 2 3 4 4 5 6 6 7 7
91 0 1 1 1 1 2 3 4 4 5 6 6 7 7
92 0 1 1 1 1 2 3 4 4 5 6 6 7 7
93 0 1 1 1 1 2 3 4 4 5 6 6 7 7
94 0 1 1 1 1 2 3 4 4 5 6 6 7 7
95 0 1 1 1 1 2 3 4 4 5 6 6 7 7
96 0 1 1 1 1 2 3 4 4 5 6 6 7 7
97 1 1 1 1 2 3 4 5 5 5 5 6 7 7
98 0 1 1 1 1 2 3 4 4 5 6 6 7 7
99 0 1 1 1 1 2 3 4 4 5 6 6 7 7
100 0 1 1 1 1 2 3 4 4 5 6 6 7 7
