"Assay" "nef_3" "nef_4" "nef_5" "nef_6" "nef_7" "nef_8" "nef_9" "nef_10" "nef_11" "nef_12" "nef_13" "nef_14" "nef_15"
1 0.97768532526475 0.966527987897126 0.966527987897126 0.966527987897126 0.966527987897126 0.966527987897126 0.966527987897126 0.966527987897126 0.966527987897126 0.955370650529501 0.955370650529501 0.955370650529501 0.966527987897126
2 1 1 1 1 1 1 1 1 1 1 1 1 1
3 0.545174825174825 0.545174825174825 0.545174825174825 0.545174825174825 0.545174825174825 0.545174825174825 0.602027972027972 0.602027972027972 0.545174825174825 0.545174825174825 0.545174825174825 0.545174825174825 0.545174825174825
4 0.545174825174825 0.545174825174825 0.545174825174825 0.545174825174825 0.545174825174825 0.545174825174825 0.602027972027972 0.602027972027972 0.545174825174825 0.545174825174825 0.545174825174825 0.545174825174825 0.545174825174825
5 1 0.970930232558139 0.970930232558139 0.970930232558139 0.970930232558139 0.970930232558139 0.970930232558139 0.970930232558139 0.970930232558139 0.927325581395349 0.927325581395349 0.956395348837209 0.956395348837209
6 0.989576634512326 0.989576634512326 0.989576634512326 0.989576634512326 0.989576634512326 0.989576634512326 0.989576634512326 0.989576634512326 0.989576634512326 0.989576634512326 0.989576634512326 0.989576634512326 0.989576634512326
7 0.687297734627832 0.687297734627832 0.687297734627832 1 1 1 1 1 1 1 1 1 1
8 0.374795417348609 0.374795417348609 0.374795417348609 0.374795417348609 0.374795417348609 0.374795417348609 0.374795417348609 0.374795417348609 0.374795417348609 0.374795417348609 0.374795417348609 0.374795417348609 0.374795417348609
9 0.836902800658979 0.836902800658979 0.836902800658979 0.836902800658979 0.836902800658979 0.836902800658979 0.836902800658979 0.836902800658979 0.836902800658979 0.836902800658979 0.836902800658979 0.836902800658979 0.845963756177924
10 0.884577114427861 0.884577114427861 0.884577114427861 0.884577114427861 0.874958540630182 0.874958540630182 0.874958540630182 0.884577114427861 0.884577114427861 0.884577114427861 0.894195688225539 0.894195688225539 0.894195688225539
11 0.921875 0.921875 0.921875 0.921875 0.921875 0.921875 0.921875 0.921875 0.921875 0.921875 0.921875 0.921875 0.921875
12 0.843803418803419 0.843803418803419 0.843803418803419 0.869836182336182 0.869836182336182 0.869836182336182 0.869836182336182 0.869836182336182 0.869836182336182 0.869836182336182 0.869836182336182 0.869836182336182 0.869836182336182
13 0.88528297917105 0.88528297917105 0.88528297917105 0.898029314818711 0.898029314818711 0.898029314818711 0.898029314818711 0.898029314818711 0.898029314818711 0.898029314818711 0.898029314818711 0.898029314818711 0.898029314818711
14 0.8785140562249 0.8785140562249 0.8785140562249 0.895869191049914 0.895869191049914 0.895869191049914 0.895869191049914 0.895869191049914 0.895869191049914 0.895869191049914 0.895869191049914 0.913224325874928 0.913224325874928
15 NA NA NA NA NA NA NA NA NA NA NA NA NA
16 0.886283891547049 0.886283891547049 0.886283891547049 0.905236576289208 0.905236576289208 0.962094630515683 0.981047315257842 0.981047315257842 0.981047315257842 0.981047315257842 0.981047315257842 0.981047315257842 0.981047315257842
17 0.742737516799338 0.705985733484958 0.742737516799338 0.669233950170578 0.669233950170578 0.632482166856198 0.632482166856198 0.632482166856198 0.632482166856198 0.632482166856198 0.632482166856198 0.705985733484958 0.705985733484958
18 0.895906949352179 0.895906949352179 0.895906949352179 0.895906949352179 0.895906949352179 0.94795347467609 1 0.94795347467609 0.94795347467609 0.94795347467609 0.94795347467609 1 0.94795347467609
19 0.9625 0.9625 0.9625 0.975 0.975 0.9875 1 0.9875 0.9875 0.9875 0.9875 1 0.9875
20 0.375222816399287 0.375222816399287 0.375222816399287 0.375222816399287 0.375222816399287 0.375222816399287 0.375222816399287 0.375222816399287 0.375222816399287 0.375222816399287 0.375222816399287 0.375222816399287 0.375222816399287
21 0.720944863875543 0.720944863875543 0.720944863875543 0.707656524060093 0.707656524060093 0.707656524060093 0.707656524060093 0.707656524060093 0.707656524060093 0.707656524060093 0.707656524060093 0.800674902768245 0.800674902768245
22 0.375451263537906 0.375451263537906 0.375451263537906 0.375451263537906 0.375451263537906 0.500361010830325 0.500361010830325 0.500361010830325 0.375451263537906 0.375451263537906 0.375451263537906 0.375451263537906 0.375451263537906
23 0.583333333333333 0.583333333333333 0.583333333333333 0.615384615384615 0.615384615384615 0.647435897435897 0.67948717948718 0.663461538461538 0.663461538461538 0.663461538461538 0.663461538461538 0.727564102564103 0.727564102564103
24 0.74255364577773 0.74255364577773 0.74255364577773 0.74255364577773 0.74255364577773 0.834498772285684 0.834498772285684 0.834498772285684 0.834498772285684 0.834498772285684 0.834498772285684 0.834498772285684 0.834498772285684
25 0.749909255898367 0.749909255898367 0.749909255898367 0.62486388384755 0.62486388384755 0.62486388384755 0.499818511796733 0.62486388384755 0.62486388384755 0.62486388384755 0.62486388384755 0.749909255898367 0.749909255898367
26 0.908054873492046 0.908054873492046 0.908054873492046 0.917249386142842 0.917249386142842 0.834498772285684 0.834498772285684 0.834498772285684 0.834498772285684 0.834498772285684 0.834498772285684 0.843693284936479 0.843693284936479
27 0.843636363636364 0.843636363636364 0.843636363636364 0.843636363636364 0.843636363636364 0.843636363636364 0.843636363636364 0.843636363636364 0.843636363636364 0.843636363636364 0.843636363636364 0.843636363636364 0.843636363636364
28 0.974471243042672 0.974471243042672 0.974471243042672 0.974471243042672 0.974471243042672 0.974471243042672 0.961706864564007 0.961706864564007 0.961706864564007 0.961706864564007 0.961706864564007 0.961706864564007 0.961706864564007
29 0.807692307692308 0.807692307692308 0.807692307692308 0.807692307692308 0.807692307692308 0.807692307692308 0.807692307692308 0.807692307692308 0.807692307692308 0.807692307692308 0.807692307692308 0.807692307692308 0.807692307692308
30 0.949305795740896 0.949305795740896 0.949305795740896 0.949305795740896 0.949305795740896 0.949305795740896 0.949305795740896 0.949305795740896 0.949305795740896 0.949305795740896 0.949305795740896 0.949305795740896 0.949305795740896
31 0.945948084836974 0.945948084836974 0.945948084836974 0.945948084836974 0.945948084836974 0.945948084836974 0.945948084836974 0.945948084836974 0.945948084836974 0.945948084836974 0.945948084836974 0.938226382670827 0.938226382670827
32 0.659340659340659 0.659340659340659 0.659340659340659 0.659340659340659 0.659340659340659 0.636630036630037 0.636630036630037 0.659340659340659 0.659340659340659 0.659340659340659 0.659340659340659 0.659340659340659 0.659340659340659
33 0.791819291819292 0.791819291819292 0.791819291819292 0.791819291819292 0.791819291819292 0.583638583638584 0.687728937728938 0.687728937728938 0.687728937728938 0.687728937728938 0.687728937728938 0.583638583638584 0.583638583638584
34 0.613378684807256 0.613378684807256 0.613378684807256 0.613378684807256 0.613378684807256 0.643118785975929 0.613378684807256 0.613378684807256 0.643118785975929 0.643118785975929 0.643118785975929 0.643118785975929 0.643118785975929
35 0.929003336113428 0.929003336113428 0.929003336113428 0.936103002502085 0.936103002502085 0.936103002502085 0.936103002502085 0.936103002502085 0.936103002502085 0.936103002502085 0.936103002502085 0.936103002502085 0.936103002502085
36 0.933823529411765 0.933823529411765 0.933823529411765 0.926470588235294 0.926470588235294 0.919117647058823 0.926470588235294 0.926470588235294 0.926470588235294 0.926470588235294 0.926470588235294 0.926470588235294 0.926470588235294
37 0.722119909965214 0.722119909965214 0.687384898710865 0.687384898710865 0.687384898710865 0.687384898710865 0.652649887456517 0.687384898710865 0.722119909965214 0.722119909965214 0.722119909965214 0.722119909965214 0.722119909965214
38 0.843634686346864 0.843634686346864 0.843634686346864 0.843634686346864 0.843634686346864 0.921817343173432 0.921817343173432 0.921817343173432 0.960908671586716 0.960908671586716 0.960908671586716 0.843634686346864 0.843634686346864
39 0.904821113428526 0.904821113428526 0.904821113428526 0.904821113428526 0.904821113428526 0.891224129632601 0.898022621530563 0.898022621530563 0.898022621530563 0.898022621530563 0.898022621530563 0.898022621530563 0.898022621530563
40 0.959046639646724 0.959046639646724 0.959046639646724 0.959046639646724 0.959046639646724 0.959046639646724 0.948808299558405 0.948808299558405 0.948808299558405 0.948808299558405 0.948808299558405 0.938569959470086 0.938569959470086
41 0.963248885506143 0.963248885506143 0.963248885506143 0.963248885506143 0.963248885506143 0.963248885506143 0.963248885506143 0.963248885506143 0.963248885506143 0.963248885506143 0.963248885506143 0.963248885506143 0.963248885506143
42 0.908088235294118 0.908088235294118 0.908088235294118 0.908088235294118 0.908088235294118 0.908088235294118 0.908088235294118 0.908088235294118 0.926470588235294 0.926470588235294 0.926470588235294 0.908088235294118 0.908088235294118
43 0.739583333333333 0.739583333333333 0.739583333333333 0.739583333333333 0.739583333333333 0.791666666666667 0.84375 0.84375 0.84375 0.84375 0.84375 0.84375 0.84375
44 0.843692022263451 0.843692022263451 0.843692022263451 0.878427128427129 0.878427128427129 0.843692022263451 0.843692022263451 0.843692022263451 0.843692022263451 0.843692022263451 0.843692022263451 0.843692022263451 0.843692022263451
45 0.699776951672862 0.699776951672862 0.699776951672862 0.724795539033457 0.724795539033457 0.749814126394052 0.724795539033457 0.724795539033457 0.724795539033457 0.724795539033457 0.724795539033457 0.724795539033457 0.724795539033457
46 0.693649950686594 0.693649950686594 0.693649950686594 0.693649950686594 0.693649950686594 0.693649950686594 0.693649950686594 0.680885365298536 0.680885365298536 0.680885365298536 0.680885365298536 0.693649950686594 0.693649950686594
47 0.879897054618244 0.879897054618244 0.879897054618244 0.879897054618244 0.879897054618244 0.879897054618244 0.879897054618244 0.879897054618244 0.879897054618244 0.879897054618244 0.879897054618244 0.879897054618244 0.879897054618244
48 0.885912071897012 0.885912071897012 0.885912071897012 0.885912071897012 0.885912071897012 0.885912071897012 0.880479313415918 0.880479313415918 0.880479313415918 0.880479313415918 0.880479313415918 0.880479313415918 0.880479313415918
49 NA NA NA 0.503676470588235 0.503676470588235 0.522058823529412 0.522058823529412 0.522058823529412 0.522058823529412 0.522058823529412 0.522058823529412 0.448529411764706 0.448529411764706
50 1 1 1 1 1 1 1 1 1 1 1 0.843691588785047 0.843691588785047
51 0.884825381210034 0.884825381210034 0.884825381210034 0.876598622725037 0.876598622725037 0.876598622725037 0.876598622725037 0.876598622725037 0.876598622725037 0.876598622725037 0.876598622725037 0.876598622725037 0.876598622725037
52 0.935040477413359 0.935040477413359 0.935040477413359 0.935040477413359 0.935040477413359 0.935040477413359 0.935040477413359 0.935040477413359 0.935040477413359 0.935040477413359 0.935040477413359 0.935040477413359 0.935040477413359
53 0.625141776937618 0.625141776937618 0.625141776937618 0.625141776937618 0.625141776937618 0.625141776937618 0.625141776937618 0.625141776937618 0.625141776937618 0.625141776937618 0.625141776937618 0.625141776937618 0.625141776937618
54 0.696197718631179 0.696197718631179 0.696197718631179 0.714068441064639 0.714068441064639 0.731939163498099 0.714068441064639 0.723003802281369 0.723003802281369 0.723003802281369 0.723003802281369 0.731939163498099 0.731939163498099
55 0.9679243443502 0.9679243443502 0.9679243443502 0.9679243443502 0.9679243443502 0.9679243443502 0.9198108608755 0.9198108608755 0.9198108608755 0.9198108608755 0.9198108608755 0.9679243443502 0.9679243443502
56 0.737119083044029 0.737119083044029 0.737119083044029 0.764313660660164 0.764313660660164 0.791508238276299 0.809637956687056 0.809637956687056 0.809637956687056 0.809637956687056 0.809637956687056 0.809637956687056 0.809637956687056
57 NA NA 1 1 1 1 1 1 1 1 1 1 1
58 0.656511406844106 0.656511406844106 0.656511406844106 0.656511406844106 0.656511406844106 0.656511406844106 0.656511406844106 0.656511406844106 0.656511406844106 0.656511406844106 0.656511406844106 0.656511406844106 0.656511406844106
59 NA NA 0.583650190114068 0.583650190114068 0.583650190114068 0.791825095057034 0.791825095057034 0.791825095057034 0.791825095057034 0.791825095057034 0.791825095057034 0.791825095057034 0.791825095057034
60 0.818617511520737 0.818617511520737 0.818617511520737 0.818617511520737 0.818617511520737 0.858924731182796 0.778310291858679 0.778310291858679 0.818617511520737 0.818617511520737 0.818617511520737 0.818617511520737 0.818617511520737
61 0.923498542274052 0.923498542274052 0.923498542274052 0.936248785228377 0.936248785228377 0.936248785228377 0.936248785228377 0.936248785228377 0.936248785228377 0.936248785228377 0.936248785228377 0.923498542274052 0.923498542274052
62 NA NA 0.742647058823529 0.816176470588235 0.816176470588235 0.742647058823529 0.779411764705882 0.779411764705882 0.779411764705882 0.779411764705882 0.779411764705882 0.705882352941177 0.705882352941177
63 0.940878378378378 0.940878378378378 0.940878378378378 0.940878378378378 0.940878378378378 0.940878378378378 0.940878378378378 0.940878378378378 0.940878378378378 0.940878378378378 0.940878378378378 0.940878378378378 0.940878378378378
64 0.902070999101569 0.902070999101569 0.894537999032459 0.902070999101569 0.902070999101569 0.902070999101569 0.902070999101569 0.902070999101569 0.902070999101569 0.902070999101569 0.902070999101569 0.902070999101569 0.902070999101569
65 0.905229905229905 0.905229905229905 0.905229905229905 0.905229905229905 0.905229905229905 0.914706914706915 0.914706914706915 0.933660933660934 0.933660933660934 0.933660933660934 0.933660933660934 0.933660933660934 0.933660933660934
66 0.843629343629344 0.843629343629344 0.843629343629344 0.843629343629344 0.843629343629344 0.843629343629344 0.843629343629344 0.843629343629344 0.843629343629344 0.843629343629344 0.843629343629344 0.843629343629344 0.843629343629344
67 0.807841963483987 0.807841963483987 0.807841963483987 0.85588147261299 0.85588147261299 0.85588147261299 0.85588147261299 0.807841963483987 0.807841963483987 0.807841963483987 0.807841963483987 0.807841963483987 0.807841963483987
68 1 1 0.958349577647823 1 1 1 1 1 1 1 1 1 1
69 0.744658468162839 0.744658468162839 0.744658468162839 0.775924778183716 0.775924778183716 0.781135829853862 0.781135829853862 0.781135829853862 0.786346881524008 0.786346881524008 0.786346881524008 0.869723708246346 0.869723708246346
70 0.722004357298475 0.722004357298475 0.722004357298475 0.740958605664488 0.740958605664488 0.740958605664488 0.854684095860566 0.848366013071895 0.848366013071895 0.848366013071895 0.848366013071895 0.810457516339869 0.810457516339869
71 1 1 1 1 1 1 1 1 1 1 1 1 1
72 0.943204143597071 0.943204143597071 0.943204143597071 0.943204143597071 0.943204143597071 0.943204143597071 0.943204143597071 0.943204143597071 0.943204143597071 0.943204143597071 0.943204143597071 0.886408287194142 0.886408287194142
73 0.897540983606557 0.897540983606557 0.897540983606557 0.907786885245902 0.907786885245902 0.887295081967213 0.887295081967213 0.887295081967213 0.887295081967213 0.887295081967213 0.887295081967213 0.871926229508197 0.871926229508197
74 0.847801037065489 0.847801037065489 0.847801037065489 0.86302093335894 0.86302093335894 0.86302093335894 0.86302093335894 0.86302093335894 0.86302093335894 0.86302093335894 0.86302093335894 0.86302093335894 0.86302093335894
75 0.943888130278663 0.943888130278663 0.943888130278663 0.951904111667425 0.951904111667425 0.943888130278663 0.943888130278663 0.943888130278663 0.951904111667425 0.951904111667425 0.951904111667425 0.951904111667425 0.951904111667425
76 0.583498349834983 0.583498349834983 0.583498349834983 0.583498349834983 0.583498349834983 0.583498349834983 0.583498349834983 0.791749174917492 0.791749174917492 0.791749174917492 0.791749174917492 0.583498349834983 0.583498349834983
77 0.953722038870554 0.953722038870554 0.953722038870554 0.930583058305831 0.930583058305831 0.930583058305831 0.930583058305831 0.976861019435277 0.976861019435277 0.976861019435277 0.976861019435277 0.976861019435277 0.976861019435277
78 0.749900596421471 0.749900596421471 0.874950298210736 1 1 1 1 1 1 1 1 1 1
79 0.797955237872041 0.797955237872041 0.797955237872041 0.82244551206937 0.82244551206937 0.828568080618702 0.82244551206937 0.834690649168034 0.834690649168034 0.834690649168034 0.834690649168034 0.840813217717366 0.840813217717366
80 0.687749003984064 0.687749003984064 0.687749003984064 0.687749003984064 0.687749003984064 0.843874501992032 0.843874501992032 0.843874501992032 0.843874501992032 0.843874501992032 0.843874501992032 0.843874501992032 0.843874501992032
81 1 1 1 1 1 1 1 1 1 1 1 1 1
82 0.553927148548663 0.553927148548663 0.553927148548663 0.553927148548663 0.553927148548663 0.553927148548663 0.553927148548663 0.553927148548663 0.553927148548663 0.553927148548663 0.553927148548663 0.553927148548663 0.553927148548663
83 0.687749003984064 0.687749003984064 0.687749003984064 0.687749003984064 0.687749003984064 0.687749003984064 0.687749003984064 0.687749003984064 0.687749003984064 0.687749003984064 0.687749003984064 0.687749003984064 0.687749003984064
84 1 1 1 1 1 1 1 1 1 1 1 1 1
85 0.791832669322709 0.791832669322709 0.687749003984064 0.687749003984064 0.687749003984064 0.583665338645418 0.687749003984064 0.687749003984064 0.687749003984064 0.687749003984064 0.687749003984064 0.687749003984064 0.687749003984064
86 1 1 1 1 1 1 1 1 1 1 1 1 1
87 1 1 1 1 1 1 1 1 1 1 1 1 1
88 0.651720042905302 0.651720042905302 0.651720042905302 0.843874501992032 0.843874501992032 0.843874501992032 0.843874501992032 0.831864848299111 0.831864848299111 0.831864848299111 0.831864848299111 0.831864848299111 0.831864848299111
89 0.659362549800797 0.659362549800797 0.659362549800797 0.829681274900398 0.829681274900398 0.829681274900398 0.829681274900398 0.841035856573705 0.841035856573705 0.841035856573705 0.841035856573705 0.841035856573705 0.841035856573705
90 0.947958167330677 0.947958167330677 0.947958167330677 0.947958167330677 0.947958167330677 0.947958167330677 0.947958167330677 0.947958167330677 0.947958167330677 0.947958167330677 0.947958167330677 0.947958167330677 0.947958167330677
91 0.791832669322709 0.791832669322709 0.821570859419465 0.851309049516221 0.851309049516221 0.851309049516221 0.821570859419465 0.821570859419465 0.821570859419465 0.821570859419465 0.821570859419465 0.851309049516221 0.851309049516221
92 0.375498007968127 0.375498007968127 0.375498007968127 0.375498007968127 0.375498007968127 0.687749003984064 0.687749003984064 0.687749003984064 0.687749003984064 0.687749003984064 0.687749003984064 0.687749003984064 0.687749003984064
93 0.80484312749004 0.80484312749004 0.80484312749004 0.80484312749004 0.80484312749004 0.843874501992032 0.843874501992032 0.843874501992032 0.843874501992032 0.843874501992032 0.843874501992032 0.882905876494024 0.882905876494024
94 0.750199203187251 0.750199203187251 0.750199203187251 0.750199203187251 0.750199203187251 0.750199203187251 0.750199203187251 0.750199203187251 0.750199203187251 0.750199203187251 0.750199203187251 0.875099601593625 0.875099601593625
95 0.687749003984064 0.687749003984064 0.687749003984064 0.687749003984064 0.687749003984064 0.687749003984064 0.687749003984064 0.687749003984064 0.687749003984064 0.687749003984064 0.687749003984064 0.687749003984064 0.687749003984064
96 0.375249500998004 0.375249500998004 0.375249500998004 0.375249500998004 0.375249500998004 0.375249500998004 0.375249500998004 0.375249500998004 0.375249500998004 0.375249500998004 0.375249500998004 0.375249500998004 0.375249500998004
97 0.827127659574468 0.827127659574468 0.827127659574468 0.840425531914894 0.840425531914894 0.840425531914894 0.840425531914894 0.840425531914894 0.840425531914894 0.840425531914894 0.840425531914894 0.920212765957447 0.920212765957447
98 0.791583166332665 0.791583166332665 0.791583166332665 0.791583166332665 0.791583166332665 0.791583166332665 0.791583166332665 0.791583166332665 0.791583166332665 0.791583166332665 0.791583166332665 0.791583166332665 0.791583166332665
99 0.772909821102592 0.772909821102592 0.772909821102592 0.772909821102592 0.772909821102592 0.772909821102592 0.772909821102592 0.772909821102592 0.772909821102592 0.772909821102592 0.772909821102592 0.772909821102592 0.772909821102592
100 0.583668005354752 0.583668005354752 0.583668005354752 0.583668005354752 0.583668005354752 0.583668005354752 0.583668005354752 0.583668005354752 0.583668005354752 0.583668005354752 0.583668005354752 0.583668005354752 0.583668005354752
