"Assay" "nef_3" "nef_4" "nef_5" "nef_6" "nef_7" "nef_8" "nef_9" "nef_10" "nef_11" "nef_12" "nef_13" "nef_14" "nef_15"
1 0.870962314939435 0.890814266487214 0.890814266487214 0.890814266487214 0.841184387617766 0.870962314939435 0.72207267833109 0.593034993270525 0.602960969044415 0.602960969044415 0.602960969044415 0.602960969044415 0.602960969044415
2 1 1 1 1 1 1 1 1 1 1 1 1 1
3 0.545640834575261 0.545640834575261 0.545640834575261 0.545640834575261 0.545640834575261 0.545640834575261 0.545640834575261 0.545640834575261 0.545640834575261 0.545640834575261 0.596125186289121 0.596125186289121 0.596125186289121
4 0.545640834575261 0.545640834575261 0.545640834575261 0.545640834575261 0.545640834575261 0.545640834575261 0.545640834575261 0.545640834575261 0.545640834575261 0.545640834575261 0.596125186289121 0.596125186289121 0.596125186289121
5 0.883720930232558 0.896640826873385 0.896640826873385 0.896640826873385 0.896640826873385 0.896640826873385 0.896640826873385 0.79328165374677 0.780361757105943 0.780361757105943 0.780361757105943 0.780361757105943 0.780361757105943
6 0.870333333333333 0.870333333333333 0.870333333333333 0.870333333333333 0.870333333333333 0.888857142857143 0.888857142857143 0.888857142857143 0.907380952380952 0.907380952380952 0.907380952380952 0.907380952380952 0.907380952380952
7 0.722341954022989 0.722341954022989 0.722341954022989 0.722341954022989 0.722341954022989 0.722341954022989 0.722341954022989 0.722341954022989 0.722341954022989 0.722341954022989 0.722341954022989 0.722341954022989 0.722341954022989
8 0.444767441860465 0.444767441860465 0.444767441860465 0.444767441860465 0.444767441860465 0.444767441860465 0.444767441860465 0.444767441860465 0.444767441860465 0.444767441860465 0.444767441860465 0.444767441860465 0.444767441860465
9 0.677891654465593 0.677891654465593 0.677891654465593 0.677891654465593 0.677891654465593 0.685944363103953 0.685944363103953 0.685944363103953 0.685944363103953 0.685944363103953 0.685944363103953 0.685944363103953 0.685944363103953
10 0.709572901325479 0.709572901325479 0.709572901325479 0.709572901325479 0.709572901325479 0.701030927835051 0.709572901325479 0.709572901325479 0.718114874815906 0.718114874815906 0.718114874815906 0.718114874815906 0.718114874815906
11 0.861111111111111 0.861111111111111 0.861111111111111 0.861111111111111 0.895833333333333 0.895833333333333 0.895833333333333 0.895833333333333 0.895833333333333 0.895833333333333 0.895833333333333 0.895833333333333 0.895833333333333
12 0.861132218844985 0.861132218844985 0.861132218844985 0.861132218844985 0.837987588652482 0.837987588652482 0.837987588652482 0.837987588652482 0.837987588652482 0.837987588652482 0.837987588652482 0.837987588652482 0.837987588652482
13 0.875226237283904 0.875226237283904 0.897912375959558 0.897912375959558 0.875226237283904 0.886569306621731 0.886569306621731 0.886569306621731 0.886569306621731 0.886569306621731 0.886569306621731 0.886569306621731 0.886569306621731
14 0.876467585502808 0.876467585502808 0.861026033690659 0.861026033690659 0.861026033690659 0.83014293006636 0.83014293006636 0.83014293006636 0.83014293006636 0.83014293006636 0.83014293006636 0.83014293006636 0.83014293006636
15 NA NA NA NA NA NA NA NA NA NA NA NA NA
16 NA NA 0.713938449919758 0.713938449919758 0.730765599924478 0.747592749929199 0.747592749929199 0.747592749929199 0.747592749929199 0.814901349948079 0.814901349948079 0.814901349948079 0.814901349948079
17 0.673253676470588 0.673253676470588 0.673253676470588 0.673253676470588 0.673253676470588 0.673253676470588 0.673253676470588 0.673253676470588 0.705928308823529 0.705928308823529 0.705928308823529 0.607904411764706 0.607904411764706
18 0.953681865828092 0.953681865828092 0.953681865828092 0.953681865828092 0.953681865828092 0.953681865828092 0.953681865828092 0.953681865828092 0.953681865828092 0.953681865828092 0.953681865828092 0.953681865828092 0.953681865828092
19 0.822362204724409 0.822362204724409 0.833464566929134 0.833464566929134 0.833464566929134 0.866771653543307 0.866771653543307 0.866771653543307 0.866771653543307 0.855669291338583 0.855669291338583 0.855669291338583 0.855669291338583
20 0.444532488114105 0.444532488114105 0.444532488114105 0.444532488114105 0.444532488114105 0.444532488114105 0.444532488114105 0.444532488114105 0.444532488114105 0.444532488114105 0.444532488114105 0.444532488114105 0.444532488114105
21 0.586090467949371 0.562438494689335 0.562438494689335 0.562438494689335 0.562438494689335 0.562438494689335 0.562438494689335 0.562438494689335 0.562438494689335 0.621568427839424 0.621568427839424 0.621568427839424 0.621568427839424
22 0.4446227929374 0.4446227929374 0.4446227929374 0.4446227929374 0.4446227929374 0.55569823434992 0.55569823434992 0.55569823434992 0.55569823434992 0.55569823434992 0.55569823434992 0.55569823434992 0.55569823434992
23 0.501424501424501 0.487179487179487 0.487179487179487 0.487179487179487 0.487179487179487 0.487179487179487 0.487179487179487 0.487179487179487 0.487179487179487 0.487179487179487 0.472934472934473 0.472934472934473 0.472934472934473
24 0.607779886148008 0.607779886148008 0.624122390891841 0.607779886148008 0.624122390891841 0.591437381404175 0.591437381404175 0.591437381404175 0.591437381404175 0.771204933586338 0.771204933586338 0.771204933586338 0.771204933586338
25 0.555483870967742 0.555483870967742 0.555483870967742 0.555483870967742 0.555483870967742 0.555483870967742 0.555483870967742 0.555483870967742 0.555483870967742 0.555483870967742 0.555483870967742 0.555483870967742 0.555483870967742
26 NA NA NA 0.779376185958254 0.763033681214421 0.763033681214421 0.763033681214421 0.763033681214421 0.763033681214421 0.763033681214421 0.763033681214421 0.763033681214421 0.763033681214421
27 0.722132471728595 0.722132471728595 0.722132471728595 0.722132471728595 0.583198707592892 0.722132471728595 0.722132471728595 0.722132471728595 0.722132471728595 0.722132471728595 0.722132471728595 0.722132471728595 0.722132471728595
28 0.909267745870561 0.909267745870561 0.897926214104382 0.897926214104382 0.897926214104382 0.909267745870561 0.909267745870561 0.909267745870561 0.909267745870561 0.909267745870561 0.909267745870561 0.909267745870561 0.909267745870561
29 0.786497942899888 0.786497942899888 0.786497942899888 0.786497942899888 0.82919835431991 0.786497942899888 0.786497942899888 0.786497942899888 0.786497942899888 0.786497942899888 0.82919835431991 0.82919835431991 0.82919835431991
30 0.924973674973675 0.894963144963145 0.894963144963145 0.894963144963145 0.894963144963145 0.90996840996841 0.90996840996841 0.90996840996841 0.90996840996841 0.90996840996841 0.90996840996841 0.90996840996841 0.90996840996841
31 0.899892515145593 0.899892515145593 0.891550224741059 0.891550224741059 0.908234805550127 0.891550224741059 0.891550224741059 0.891550224741059 0.891550224741059 0.899892515145593 0.899892515145593 0.899892515145593 0.899892515145593
32 0.495114006514658 0.485016286644951 0.495114006514658 0.485016286644951 0.485016286644951 0.495114006514658 0.495114006514658 0.495114006514658 0.495114006514658 0.485016286644951 0.474918566775244 0.474918566775244 0.474918566775244
33 0.629750271444083 0.629750271444083 0.629750271444083 0.629750271444083 0.629750271444083 0.629750271444083 0.629750271444083 0.629750271444083 0.629750271444083 0.629750271444083 0.629750271444083 0.629750271444083 0.629750271444083
34 0.52396463471382 0.52396463471382 0.52396463471382 0.52396463471382 0.52396463471382 0.52396463471382 0.52396463471382 0.52396463471382 0.52396463471382 0.576857453078951 0.603303862261517 0.603303862261517 0.603303862261517
35 0.898670766789009 0.898670766789009 0.898670766789009 0.898670766789009 0.898670766789009 0.932447177859339 0.932447177859339 0.932447177859339 0.932447177859339 0.932447177859339 0.932447177859339 0.932447177859339 0.932447177859339
36 0.890756302521008 0.890756302521008 0.890756302521008 0.890756302521008 0.890756302521008 0.92436974789916 0.92436974789916 0.92436974789916 0.92436974789916 0.899159663865546 0.899159663865546 0.899159663865546 0.899159663865546
37 0.629569012547736 0.598699763593381 0.629569012547736 0.598699763593381 0.598699763593381 0.629569012547736 0.629569012547736 0.629569012547736 0.629569012547736 0.629569012547736 0.629569012547736 0.660438261502091 0.660438261502091
38 0.722131147540984 0.687397540983607 0.722131147540984 0.687397540983607 0.652663934426229 0.722131147540984 0.722131147540984 0.722131147540984 0.722131147540984 0.756864754098361 0.687397540983607 0.687397540983607 0.687397540983607
39 0.897912065850231 0.897912065850231 0.897912065850231 0.897912065850231 0.897912065850231 0.914926721541859 0.914926721541859 0.914926721541859 0.914926721541859 0.923434049387673 0.923434049387673 0.923434049387673 0.923434049387673
40 0.826872863334141 0.826872863334141 0.81776090877278 0.81776090877278 0.845096772456863 0.835984817895502 0.835984817895502 0.835984817895502 0.835984817895502 0.835984817895502 0.835984817895502 0.835984817895502 0.835984817895502
41 0.967298761609907 0.967298761609907 0.967298761609907 0.967298761609907 0.967298761609907 0.967298761609907 0.967298761609907 0.967298761609907 0.967298761609907 0.967298761609907 0.967298761609907 0.967298761609907 0.967298761609907
42 NA NA 0.852820040701618 0.836466711890687 0.787406725457893 0.787406725457893 0.787406725457893 0.787406725457893 0.787406725457893 0.803760054268825 0.836466711890687 0.836466711890687 0.836466711890687
43 0.721993410214168 0.721993410214168 0.721993410214168 0.721993410214168 0.675658978583196 0.721993410214168 0.721993410214168 0.721993410214168 0.721993410214168 0.721993410214168 0.721993410214168 0.721993410214168 0.721993410214168
44 0.691561413142962 0.753249130514369 0.753249130514369 0.768671059857221 0.753249130514369 0.706983342485814 0.706983342485814 0.706983342485814 0.706983342485814 0.629873695771554 0.629873695771554 0.629873695771554 0.629873695771554
45 0.577986798679868 0.577986798679868 0.577986798679868 0.577986798679868 0.577986798679868 0.577986798679868 0.577986798679868 0.577986798679868 0.577986798679868 0.577986798679868 0.577986798679868 0.577986798679868 0.577986798679868
46 NA 0.558042028692665 0.558042028692665 0.524045261669024 0.512713005994477 0.524045261669024 0.524045261669024 0.524045261669024 0.524045261669024 0.535377517343571 0.558042028692665 0.546709773018118 0.546709773018118
47 0.807755880483153 0.871837253655436 0.871837253655436 0.850476795931341 0.871837253655436 0.829116338207247 0.829116338207247 0.829116338207247 0.829116338207247 0.850476795931341 0.871837253655436 0.871837253655436 0.871837253655436
48 0.936956405025234 0.936956405025234 0.936956405025234 0.927950177171695 0.927950177171695 0.972981316439386 0.972981316439386 0.972981316439386 0.972981316439386 0.963975088585848 0.963975088585848 0.963975088585848 0.963975088585848
49 NA NA 0.477124183006536 0.477124183006536 0.477124183006536 0.477124183006536 0.477124183006536 0.477124183006536 0.477124183006536 0.477124183006536 0.477124183006536 0.477124183006536 0.477124183006536
50 0.722176079734219 0.722176079734219 0.722176079734219 0.722176079734219 0.722176079734219 0.722176079734219 0.722176079734219 0.722176079734219 0.722176079734219 0.722176079734219 0.722176079734219 0.722176079734219 0.722176079734219
51 0.85687498426921 0.85687498426921 0.85687498426921 0.85687498426921 0.85687498426921 0.85687498426921 0.85687498426921 0.85687498426921 0.85687498426921 0.840036747124412 0.840036747124412 0.840036747124412 0.840036747124412
52 0.905735377626349 0.888596355376594 0.880026844251717 0.880026844251717 0.931443911000981 0.931443911000981 0.931443911000981 0.931443911000981 0.931443911000981 0.931443911000981 0.931443911000981 0.931443911000981 0.931443911000981
53 0.66672268907563 0.66672268907563 0.66672268907563 0.66672268907563 0.66672268907563 0.66672268907563 0.66672268907563 0.66672268907563 0.66672268907563 0.66672268907563 0.66672268907563 0.66672268907563 0.66672268907563
54 0.576118326118326 0.576118326118326 0.576118326118326 0.58459595959596 0.567640692640693 0.593073593073593 0.593073593073593 0.593073593073593 0.593073593073593 0.677849927849928 0.677849927849928 0.677849927849928 0.677849927849928
55 NA 0.857501732501732 0.871751559251559 0.857501732501732 0.857501732501732 0.843251905751906 0.843251905751906 0.843251905751906 0.843251905751906 0.843251905751906 0.843251905751906 0.843251905751906 0.843251905751906
56 0.653007151309358 0.636080670885425 0.644543911097392 0.627617430673458 0.627617430673458 0.619154190461491 0.619154190461491 0.619154190461491 0.619154190461491 0.686860112157226 0.678396871945259 0.678396871945259 0.678396871945259
57 0.861040609137056 0.861040609137056 0.861040609137056 0.861040609137056 0.861040609137056 0.861040609137056 0.861040609137056 0.861040609137056 0.861040609137056 0.861040609137056 0.861040609137056 0.861040609137056 0.861040609137056
58 0.638705583756345 0.638705583756345 0.638705583756345 0.638705583756345 0.638705583756345 0.638705583756345 0.638705583756345 0.638705583756345 0.638705583756345 0.638705583756345 0.638705583756345 0.638705583756345 0.638705583756345
59 NA 0.629441624365482 0.629441624365482 0.629441624365482 0.629441624365482 0.629441624365482 0.629441624365482 0.629441624365482 0.629441624365482 0.629441624365482 0.629441624365482 0.629441624365482 0.629441624365482
60 0.69513395297977 0.623400765445599 0.623400765445599 0.623400765445599 0.641334062329142 0.641334062329142 0.641334062329142 0.641334062329142 0.641334062329142 0.623400765445599 0.623400765445599 0.623400765445599 0.623400765445599
61 0.897890003459011 0.875198893116569 0.875198893116569 0.875198893116569 0.875198893116569 0.875198893116569 0.875198893116569 0.875198893116569 0.875198893116569 0.875198893116569 0.875198893116569 0.875198893116569 0.875198893116569
62 0.574802756416658 0.574802756416658 0.574802756416658 0.574802756416658 0.6075102366923 0.640217716967942 0.640217716967942 0.640217716967942 0.640217716967942 0.6075102366923 0.6075102366923 0.6075102366923 0.6075102366923
63 0.871890158034736 0.854808845772701 0.854808845772701 0.854808845772701 0.897512126427789 0.906052782558807 0.906052782558807 0.906052782558807 0.906052782558807 0.906052782558807 0.906052782558807 0.906052782558807 0.906052782558807
64 0.867843190084871 0.867843190084871 0.867843190084871 0.867843190084871 0.859032736090529 0.867843190084871 0.867843190084871 0.867843190084871 0.867843190084871 0.867843190084871 0.867843190084871 0.867843190084871 0.867843190084871
65 NA 0.665979381443299 0.665979381443299 0.674544012688343 0.674544012688343 0.725931800158604 0.725931800158604 0.725931800158604 0.725931800158604 0.760190325138779 0.760190325138779 0.760190325138779 0.760190325138779
66 0.583190394511149 0.583190394511149 0.583190394511149 0.583190394511149 0.583190394511149 0.583190394511149 0.583190394511149 0.583190394511149 0.583190394511149 0.583190394511149 0.583190394511149 0.583190394511149 0.583190394511149
67 0.743678466861858 0.743678466861858 0.829118977907905 0.829118977907905 0.786398722384882 0.743678466861858 0.743678466861858 0.743678466861858 0.743678466861858 0.743678466861858 0.743678466861858 0.743678466861858 0.743678466861858
68 NA NA NA 0.851877527440786 0.703755054881571 0.740785673021375 0.740785673021375 0.740785673021375 0.740785673021375 0.740785673021375 0.740785673021375 0.740785673021375 0.740785673021375
69 0.833246346555324 0.854090553235908 0.854090553235908 0.843668449895616 0.895778966597077 0.906201069937369 0.906201069937369 0.906201069937369 0.906201069937369 0.895778966597077 0.895778966597077 0.895778966597077 0.895778966597077
70 0.685586734693878 0.694834183673469 0.722576530612245 0.722576530612245 0.722576530612245 0.722576530612245 0.722576530612245 0.722576530612245 0.722576530612245 0.722576530612245 0.722576530612245 0.722576530612245 0.722576530612245
71 1 1 1 1 1 1 1 1 1 1 1 1 1
72 NA NA NA 0.898919262555626 0.898919262555626 0.949459631277813 0.949459631277813 0.949459631277813 0.949459631277813 0.898919262555626 0.898919262555626 0.898919262555626 0.898919262555626
73 0.951647782651072 0.951647782651072 0.951647782651072 0.961318226120858 0.990329556530214 0.990329556530214 0.990329556530214 0.990329556530214 0.990329556530214 0.990329556530214 0.990329556530214 0.990329556530214 0.990329556530214
74 0.959091495676861 0.969318621757646 0.969318621757646 0.969318621757646 0.969318621757646 0.959091495676861 0.959091495676861 0.959091495676861 0.959091495676861 0.959091495676861 0.959091495676861 0.959091495676861 0.959091495676861
75 0.92760077652164 0.936650679456435 0.936650679456435 0.936650679456435 0.936650679456435 0.94570058239123 0.94570058239123 0.94570058239123 0.94570058239123 0.94570058239123 0.94570058239123 0.94570058239123 0.94570058239123
76 0.629694835680751 0.444542253521127 0.444542253521127 0.444542253521127 0.444542253521127 0.444542253521127 0.444542253521127 0.444542253521127 0.444542253521127 0.444542253521127 0.444542253521127 0.444542253521127 0.444542253521127
77 NA NA NA 0.85599243609807 0.85599243609807 0.85599243609807 0.85599243609807 0.85599243609807 0.85599243609807 0.876564945226917 0.876564945226917 0.85599243609807 0.85599243609807
78 0.55547703180212 0.55547703180212 0.66660777385159 0.66660777385159 0.55547703180212 0.77773851590106 0.77773851590106 0.77773851590106 0.77773851590106 0.88886925795053 0.88886925795053 0.88886925795053 0.88886925795053
79 NA 0.810430839002268 0.810430839002268 0.791473922902494 0.810430839002268 0.800952380952381 0.800952380952381 0.800952380952381 0.800952380952381 0.800952380952381 0.800952380952381 0.800952380952381 0.800952380952381
80 0.58311170212766 0.722074468085106 0.722074468085106 0.722074468085106 0.722074468085106 0.722074468085106 0.722074468085106 0.722074468085106 0.722074468085106 0.722074468085106 0.722074468085106 0.722074468085106 0.722074468085106
81 0.861037234042553 0.861037234042553 0.861037234042553 0.861037234042553 0.861037234042553 0.861037234042553 0.861037234042553 0.861037234042553 0.861037234042553 0.861037234042553 0.861037234042553 0.861037234042553 0.861037234042553
82 0.563259878419453 0.563259878419453 0.563259878419453 0.563259878419453 0.563259878419453 0.563259878419453 0.563259878419453 0.563259878419453 0.523556231003039 0.523556231003039 0.563259878419453 0.563259878419453 0.563259878419453
83 0.722074468085106 0.722074468085106 0.722074468085106 0.722074468085106 0.722074468085106 0.722074468085106 0.722074468085106 0.722074468085106 0.722074468085106 0.722074468085106 0.722074468085106 0.722074468085106 0.722074468085106
84 0.722074468085106 0.722074468085106 0.722074468085106 0.722074468085106 0.652593085106383 0.722074468085106 0.722074468085106 0.722074468085106 0.722074468085106 0.722074468085106 0.722074468085106 0.722074468085106 0.722074468085106
85 0.629432624113475 0.536790780141844 0.536790780141844 0.536790780141844 0.536790780141844 0.536790780141844 0.536790780141844 0.536790780141844 0.536790780141844 0.536790780141844 0.536790780141844 0.536790780141844 0.629432624113475
86 0.722074468085106 0.722074468085106 0.722074468085106 0.722074468085106 0.722074468085106 0.722074468085106 0.722074468085106 0.722074468085106 0.722074468085106 0.722074468085106 0.722074468085106 0.722074468085106 1
87 0.777659574468085 0.666489361702128 0.777659574468085 0.777659574468085 0.777659574468085 0.777659574468085 0.777659574468085 0.777659574468085 0.777659574468085 0.777659574468085 0.777659574468085 0.888829787234043 1
88 0.561732815057283 0.572422258592471 0.593801145662848 0.604490589198036 0.604490589198036 0.668627250409165 0.668627250409165 0.668627250409165 0.679316693944354 0.722074468085106 0.732763911620295 0.754142798690671 0.754142798690671
89 0.58563829787234 0.605851063829787 0.615957446808511 0.626063829787234 0.605851063829787 0.676595744680851 0.676595744680851 0.676595744680851 0.696808510638298 0.737234042553191 0.747340425531915 0.747340425531915 0.747340425531915
90 0.768395390070922 0.768395390070922 0.814716312056738 0.814716312056738 0.814716312056738 0.814716312056738 0.814716312056738 0.814716312056738 0.814716312056738 0.861037234042553 0.861037234042553 0.907358156028369 0.907358156028369
91 0.682370820668693 0.629432624113475 0.629432624113475 0.629432624113475 0.602963525835866 0.629432624113475 0.629432624113475 0.629432624113475 0.655901722391084 0.655901722391084 0.655901722391084 0.655901722391084 0.629432624113475
92 0.444148936170213 0.444148936170213 0.444148936170213 0.444148936170213 0.444148936170213 0.444148936170213 0.444148936170213 0.444148936170213 0.444148936170213 0.444148936170213 0.444148936170213 0.444148936170213 0.444148936170213
93 0.687333776595745 0.756815159574468 0.722074468085106 0.722074468085106 0.687333776595745 0.756815159574468 0.756815159574468 0.756815159574468 0.826296542553191 0.826296542553191 0.826296542553191 0.826296542553191 0.826296542553191
94 0.666489361702128 0.777659574468085 0.777659574468085 0.777659574468085 0.777659574468085 0.777659574468085 0.777659574468085 0.777659574468085 0.777659574468085 0.777659574468085 0.777659574468085 0.777659574468085 0.777659574468085
95 0.629432624113475 0.722074468085106 0.722074468085106 0.722074468085106 0.722074468085106 0.722074468085106 0.722074468085106 0.722074468085106 0.629432624113475 0.629432624113475 0.629432624113475 0.629432624113475 0.629432624113475
96 0.44404973357016 0.44404973357016 0.44404973357016 0.44404973357016 0.44404973357016 0.44404973357016 0.44404973357016 0.44404973357016 0.44404973357016 0.44404973357016 0.44404973357016 0.44404973357016 0.44404973357016
97 0.775613166546994 0.775613166546994 0.775613166546994 0.775613166546994 0.775613166546994 0.775613166546994 0.775613166546994 0.775613166546994 0.775613166546994 0.775613166546994 0.775613166546994 0.775613166546994 0.775613166546994
98 0.444839857651246 0.629893238434164 0.814946619217082 0.814946619217082 0.814946619217082 0.444839857651246 0.444839857651246 0.444839857651246 0.444839857651246 0.444839857651246 0.444839857651246 0.444839857651246 0.444839857651246
99 0.747564935064935 0.798051948051948 0.798051948051948 0.798051948051948 0.798051948051948 0.747564935064935 0.747564935064935 0.747564935064935 0.747564935064935 0.747564935064935 0.747564935064935 0.747564935064935 0.747564935064935
100 0.444642857142857 0.444642857142857 0.629761904761905 0.629761904761905 0.629761904761905 0.444642857142857 0.444642857142857 0.444642857142857 0.444642857142857 0.444642857142857 0.444642857142857 0.444642857142857 0.444642857142857
