"Assay" "rocauc_2" "rocauc_3" "rocauc_4" "rocauc_5" "rocauc_6" "rocauc_7" "rocauc_8" "rocauc_9" "rocauc_10" "rocauc_11" "rocauc_12" "rocauc_13" "rocauc_14" "rocauc_15"
1 0.963705936920223 0.957513914656772 0.953432282003711 0.952179962894249 0.952643784786642 0.952690166975881 0.95206400742115 0.952133580705009 0.952643784786642 0.952643784786642 0.952736549165121 0.952875695732839 0.952226345083488 0.950278293135436
2 0.96309963099631 0.940959409594096 0.945879458794588 0.945879458794588 0.934809348093481 0.936039360393604 0.936039360393604 0.936039360393604 0.936039360393604 0.940959409594096 0.942189421894219 0.939729397293973 0.942189421894219 0.942189421894219
3 0.480956699161188 0.387440489684879 0.383926547268193 0.383926547268193 0.383926547268193 0.62684198594423 0.640217637723872 0.63216957605985 0.63216957605985 0.615279981863523 0.619247336204942 0.608932214917252 0.614939922919973 0.614939922919973
4 0.480956699161188 0.387440489684879 0.383926547268193 0.383926547268193 0.383926547268193 0.62684198594423 0.640217637723872 0.63216957605985 0.63216957605985 0.615279981863523 0.619247336204942 0.608932214917252 0.614939922919973 0.614939922919973
5 0.963014850098067 0.952803461909654 0.945892095513838 0.946670402540394 0.947884561501821 0.948351545717755 0.947479841848012 0.947417577285888 0.945207185330469 0.945425111297905 0.945425111297905 0.945674169546403 0.946141153762336 0.949005323620062
6 0.969893221912721 0.970659238625812 0.963649025069638 0.958240482822656 0.959099350046425 0.959285051067781 0.958286908077994 0.958565459610028 0.959076137418756 0.95930826369545 0.959006499535747 0.958844011142061 0.958844011142061 0.957706592386258
7 0.885862516212711 0.877431906614786 0.885214007782101 0.780155642023346 0.784046692607004 0.78988326848249 0.799610894941634 0.804150453955901 0.804150453955901 0.80609597924773 0.809987029831388 0.810635538261997 0.815823605706874 0.819066147859922
8 0.591207349081365 0.726377952755906 0.735564304461942 0.746062992125984 0.742782152230971 0.746062992125984 0.757217847769029 0.761811023622047 0.761811023622047 0.770341207349081 0.776246719160105 0.772965879265092 0.744094488188976 0.748687664041995
9 0.876244486452426 0.888783868935098 0.879353077084646 0.852720016803193 0.855450535601764 0.85574459147238 0.85645872715816 0.852741020793951 0.851039697542533 0.852762024784709 0.850913673597984 0.850913673597984 0.850976685570258 0.84940138626339
10 0.905437088310818 0.913587138550854 0.878865691637825 0.881567489114659 0.886345874734844 0.88886904097354 0.885698336496595 0.88469353578207 0.8858992966395 0.887730266830412 0.884559562353467 0.886144914591939 0.885475047448923 0.884358602210562
11 0.907113259668508 0.904955110497238 0.889934392265193 0.889934392265193 0.892869475138122 0.894337016574586 0.891142955801105 0.892265193370166 0.892265193370166 0.893905386740331 0.893905386740331 0.894595994475138 0.896408839779006 0.896408839779006
12 0.880893446487506 0.902699198491278 0.906117397454031 0.906117397454031 0.91006600660066 0.912069778406412 0.909653465346535 0.911126826968411 0.911126826968411 0.912894860914663 0.912894860914663 0.913719943422914 0.913719943422914 0.910360678925035
13 0.910059599060863 0.915869002468244 0.915869002468244 0.906206730479802 0.908584672807176 0.909487688880862 0.909788694238757 0.910330503882969 0.910330503882969 0.911173318885076 0.911173318885076 0.911444223707182 0.911444223707182 0.911444223707182
14 0.89951690821256 0.905837359098229 0.905032206119163 0.897584541062802 0.9006038647343 0.901086956521739 0.899798711755234 0.900845410628019 0.900845410628019 0.902697262479871 0.902697262479871 0.90354267310789 0.903381642512077 0.900845410628019
15 NA NA NA NA NA NA NA NA NA NA NA NA NA NA
16 0.888413547237077 0.906996434937611 0.908065953654189 0.908065953654189 0.897326203208556 0.899866310160428 0.901916221033868 0.897593582887701 0.897593582887701 0.900490196078431 0.900490196078431 0.898752228163993 0.901381461675579 0.901381461675579
17 0.727496185794202 0.763010679776233 0.767418206475674 0.773436175622987 0.779623665027971 0.779877945414477 0.785556874046449 0.785556874046449 0.785556874046449 0.785556874046449 0.785556874046449 0.787167316494321 0.790812002034243 0.791066282420749
18 0.95083932853717 0.971702637889688 0.971702637889688 0.971702637889688 0.973381294964029 0.973381294964029 0.973381294964029 0.973381294964029 0.973381294964029 0.973860911270983 0.973860911270983 0.973980815347722 0.973980815347722 0.972302158273381
19 0.973679389312977 0.973282442748092 0.973282442748092 0.973282442748092 0.974351145038168 0.974442748091603 0.975114503816794 0.974961832061069 0.974961832061069 0.975664122137405 0.975664122137405 0.975786259541985 0.978839694656489 0.978839694656489
20 0.65 0.871428571428571 0.871428571428571 0.871428571428571 0.871428571428571 0.872857142857143 0.877142857142857 0.877142857142857 0.877142857142857 0.881428571428571 0.885714285714286 0.89 0.894285714285714 0.894285714285714
21 NA 0.724451718494272 0.724451718494272 0.724451718494272 0.746186579378069 0.75152209492635 0.756857610474632 0.724026186579378 0.724026186579378 0.721734860883797 0.721734860883797 0.728314238952537 0.730572831423895 0.730572831423895
22 0.571761280931587 0.735371179039301 0.741484716157205 0.741484716157205 0.728384279475982 0.734497816593886 0.741775836972344 0.749344978165939 0.749344978165939 0.756622998544396 0.756622998544396 0.741193595342067 0.746433770014556 0.746433770014556
23 0.687384300287526 0.80924809957068 0.813265587459136 0.813265587459136 0.820158336287369 0.824609082673599 0.830123281736185 0.831816928591122 0.831816928591122 0.834692189530899 0.834692189530899 0.83677970774745 0.829768797510733 0.829768797510733
24 0.761607543780871 0.75792546026044 0.758958239784463 0.758958239784463 0.759856308935788 0.751638976201167 0.753480017961383 0.759137853614728 0.759137853614728 0.762370902559497 0.762370902559497 0.768253255500674 0.77139649753031 0.77139649753031
25 0.791228070175439 0.833918128654971 0.839181286549708 0.839181286549708 0.839181286549708 0.833333333333333 0.835380116959064 0.839766081871345 0.839766081871345 0.845614035087719 0.845614035087719 0.846198830409357 0.85233918128655 0.85233918128655
26 0.943876101165104 0.938145306431751 0.931419910959553 0.931419910959553 0.930614757980487 0.929691200151558 0.933811688926778 0.92746518897414 0.92746518897414 0.92746518897414 0.92746518897414 0.927252060244388 0.928838685232547 0.928838685232547
27 0.872076023391813 0.919956140350877 0.923976608187134 0.923976608187134 0.928728070175439 0.929824561403509 0.930190058479532 0.931652046783626 0.931652046783626 0.934576023391813 0.934576023391813 0.93530701754386 0.938961988304094 0.938961988304094
28 0.966018332215515 0.960461179777075 0.960620868065536 0.960620868065536 0.960620868065536 0.961131870588611 0.961738686084763 0.962121937977069 0.962121937977069 0.959694675992463 0.959694675992463 0.960077927884769 0.960077927884769 0.960045990227077
29 0.84775641025641 NA 0.866758241758242 0.866758241758242 0.871108058608059 0.872596153846154 0.873740842490842 0.871451465201465 0.871451465201465 0.871451465201465 0.871451465201465 0.872710622710623 0.87603021978022 0.87603021978022
30 0.958143615021513 0.95200300764443 0.95200300764443 0.95200300764443 0.953214419984126 0.953673921216425 0.952253644680229 0.953130874305527 0.953130874305527 0.953715694055725 0.953715694055725 0.954049876770124 0.954049876770124 0.956013200217219
31 0.956728600139453 0.944157335630204 0.944157335630204 0.936548952052828 0.93267298306058 0.932898568557483 0.943624133546614 0.944034288995529 0.944034288995529 0.944239366719987 0.944239366719987 0.946433698371683 0.946433698371683 0.944239366719987
32 0.671741336813107 NA 0.651210671306365 0.651210671306365 0.661215021023633 0.671480353777004 0.681165724227925 0.639147455415398 0.639147455415398 0.64193127446716 0.64193127446716 0.64688995215311 0.652921560098594 0.652921560098594
33 0.870808678500986 0.777613412228797 0.783037475345168 0.783037475345168 0.787228796844181 0.793885601577909 0.800542406311637 0.781804733727811 0.781804733727811 0.785749506903353 0.785749506903353 0.786735700197239 0.790927021696253 0.790927021696253
34 0.802031553922628 0.722714501837043 0.722714501837043 0.722714501837043 0.722714501837043 0.730422880195951 0.740148404293639 0.677328722714502 0.677328722714502 0.682443627980693 0.682443627980693 0.685109141992652 0.690512210935811 0.690512210935811
35 0.948374980837038 0.933983596504676 0.937049670397057 0.934884255710563 0.934884255710563 0.935018396443354 0.935363329756247 0.935363329756247 0.935363329756247 0.939674996167408 0.939674996167408 0.939579181358271 0.939579181358271 0.937509581480914
36 0.95009391992091 0.938269896193772 0.938269896193772 0.932634700939199 0.927731092436975 0.927968363816115 0.926544735541275 0.927632229362333 0.927632229362333 0.927632229362333 0.927632229362333 0.930538803756797 0.930538803756797 0.928344043499753
37 0.868549336022861 0.802487813077828 0.802487813077828 0.802487813077828 0.802487813077828 0.80828710707682 0.816355690031938 0.742309631870903 0.742309631870903 0.742309631870903 0.742309631870903 0.744831064044377 0.749369641956631 0.749369641956631
38 0.891238670694864 0.890672205438066 0.887745468277946 0.887745468277946 0.895959214501511 0.898319486404834 0.891049848942598 0.882647280966767 0.882647280966767 0.880381419939577 0.880381419939577 0.8827416918429 0.886234894259819 0.886234894259819
39 0.944483602908443 0.922596082504823 0.92749295147648 0.929310728594747 0.930126873423357 0.930386555868823 0.930497848345452 0.929422021071376 0.929422021071376 0.928995399910966 0.928995399910966 0.930850274521442 0.930850274521442 0.93021961715388
40 0.960586544602938 0.946242282307856 0.946242282307856 0.946242282307856 0.945843091334895 0.946082605918672 0.945949542261018 0.947226953374494 0.947226953374494 0.943900361933149 0.943900361933149 0.944060038322333 0.937060889929742 0.941106025122419
41 0.94394358653932 0.960903329465322 0.919842899223422 0.919842899223422 0.919842899223422 0.922699276979381 0.917343568686959 0.919575113808801 0.919575113808801 0.920824779077033 0.920824779077033 0.922610015174507 0.924038204052486 0.937695260198161
42 0.941176470588235 NA 0.908002202441039 0.908002202441039 0.905524456272369 0.906029182343764 0.901853721207672 0.901348995136276 0.901348995136276 0.901348995136276 0.901348995136276 0.901394879324585 0.905249151142516 0.905249151142516
43 NA 0.803293112116642 0.803293112116642 0.803293112116642 0.810080442433384 0.812217194570136 0.78456510809452 0.786073403720463 0.786073403720463 0.78921568627451 0.78921568627451 0.790723981900452 0.7938662644545 0.7938662644545
44 0.883359456635319 0.887495646116336 0.887495646116336 0.887495646116336 0.879179728317659 0.877786485545106 0.878962034134448 0.87652385928248 0.87652385928248 0.87843956809474 0.87843956809474 0.883707767328457 0.876219087425984 0.876219087425984
45 NA 0.736604938271605 0.738456790123457 0.738456790123457 0.743765432098765 0.745493827160494 0.74962962962963 0.736049382716049 0.736049382716049 0.727222222222222 0.727222222222222 0.726851851851852 0.73283950617284 0.73283950617284
46 NA NA NA NA 0.636806645735217 0.647534013605442 0.65708398744113 0.621173469387755 0.621173469387755 0.621173469387755 0.625327053898482 0.630625327053899 0.635956305599163 0.635956305599163
47 0.925279828530603 0.929268873541319 0.929268873541319 0.929268873541319 0.933138842581567 0.933257918552036 0.934924982138604 0.936234817813765 0.936234817813765 0.929685639437961 0.929685639437961 0.930221481305073 0.930638247201715 0.930638247201715
48 0.924460431654676 0.920378479824836 0.920378479824836 0.910932123866125 0.907569596496716 0.908148263997498 0.915029715358148 0.916155771035346 0.916155771035346 0.913997497654051 0.913997497654051 0.914920237722865 0.918798873944323 0.92557084766969
49 NA 0.63979837217906 0.63979837217906 0.63979837217906 0.648122456529782 0.656539030706622 0.664678135405105 0.668978912319645 0.668978912319645 0.67263226045135 0.67263226045135 0.675453200147984 0.680540140584536 0.680540140584536
50 0.896240601503759 0.945864661654135 0.948872180451128 0.948872180451128 0.951503759398496 0.95187969924812 0.952631578947368 0.953007518796992 0.953007518796992 0.931578947368421 0.931578947368421 0.931578947368421 0.933458646616541 0.933458646616541
51 0.890587556581166 0.87938226679684 0.87938226679684 0.873746338865714 0.869153279488773 0.869996449809177 0.869219845566699 0.87061773320316 0.87061773320316 0.870950563592793 0.870950563592793 0.873679772787787 0.876675246294488 0.876675246294488
52 0.948582933250736 0.939799553087458 0.912431690966614 0.910418372087878 0.910418372087878 0.910617491537423 0.907365207194849 0.908382928825859 0.908382928825859 0.906568729396668 0.906568729396668 0.907475829111264 0.91019712825505 0.908449301975707
53 0.577743902439024 NA NA NA 0.59359756097561 0.599085365853659 0.603963414634146 0.607012195121951 0.607012195121951 0.610365853658537 0.610670731707317 0.614634146341463 0.61859756097561 0.61859756097561
54 NA 0.763168124392614 0.766909620991254 0.766909620991254 0.766909620991254 0.768561710398445 0.75932944606414 0.757118561710398 0.757118561710398 0.755855199222546 0.755855199222546 0.757045675413022 0.757725947521866 0.757725947521866
55 0.959529431258026 0.952446046145561 0.952446046145561 0.952446046145561 0.940681827596206 0.941758833519738 0.940847520815211 0.941054637338967 0.941054637338967 0.941054637338967 0.941054637338967 0.947185286442152 0.942835839443271 0.942835839443271
56 0.795772741812455 0.795920375975001 0.802932998695898 0.802932998695898 0.809994832804311 0.809699564479221 0.809871804335523 0.813119755911518 0.813119755911518 0.816761398587633 0.816761398587633 0.822297679683079 0.823552570064713 0.823552570064713
57 NA 0.938744257274119 0.941424196018377 0.941424196018377 0.940275650842266 0.94104134762634 0.941424196018377 0.942572741194487 0.942572741194487 0.943721286370597 0.943721286370597 0.943721286370597 0.943721286370597 0.943721286370597
58 0.652747252747253 0.644819466248038 0.646232339089482 0.646232339089482 0.655651491365777 0.649764521193093 0.614913657770801 0.619623233908948 0.619623233908948 0.624018838304553 0.624646781789639 0.628963893249608 0.628963893249608 0.628963893249608
59 NA 0.663608562691131 0.667176350662589 0.667176350662589 0.678899082568807 0.689092762487258 0.698267074413863 0.683995922528033 0.683995922528033 0.683995922528033 0.683995922528033 0.68960244648318 0.695208970438328 0.695208970438328
60 NA 0.825858064516129 0.820438709677419 0.820438709677419 0.826270967741935 0.818993548387097 0.818941935483871 0.817548387096774 0.817548387096774 0.817548387096774 0.817548387096774 0.819716129032258 0.824309677419355 0.824309677419355
61 0.933026258279259 0.943616985509195 0.943616985509195 0.934539219312107 0.934539219312107 0.934808190162391 0.933967656255253 0.933194365060687 0.933194365060687 0.931076219614699 0.931076219614699 0.931849510809266 0.931849510809266 0.936959956964664
62 NA 0.8193804167435 0.8193804167435 0.8193804167435 0.817536418956297 0.820855614973262 0.82647980822423 0.792550248939701 0.792550248939701 0.78489765812281 0.78489765812281 0.787294855246174 0.79153605015674 0.79153605015674
63 0.961808624459227 0.946550681490441 0.946550681490441 0.938037865748709 0.938037865748709 0.938223938223938 0.938223938223938 0.939293854956506 0.939293854956506 0.938596083174396 0.938596083174396 0.938247197283342 0.94348048564916 0.94092198911476
64 0.931572173105733 0.897157808115122 0.897157808115122 0.892178169771907 0.885468318106049 0.886016922330302 0.893507480007596 0.894435887156331 0.894435887156331 0.889477348975587 0.889477348975587 0.891861667334839 0.891861667334839 0.912349925094423
65 NA 0.91833281266271 0.912319066958242 0.912319066958242 0.909325210871603 0.912110798708737 0.896360512339894 0.895813808184942 0.895813808184942 0.897453920649797 0.912995938769135 0.91192856399042 0.91192856399042 0.91192856399042
66 0.715450310559006 0.757375776397516 0.757375776397516 0.757375776397516 0.765916149068323 0.761257763975155 0.722049689440994 0.724767080745342 0.724767080745342 0.724767080745342 0.724767080745342 0.725931677018633 0.730201863354037 0.730201863354037
67 0.87097957686193 0.820227467286291 0.816191757368228 0.816191757368228 0.816191757368228 0.819004524886878 0.820227467286291 0.813868166809343 0.813868166809343 0.815580286168522 0.815580286168522 0.819371407606702 0.82389629448453 0.82389629448453
68 NA 0.892651757188498 0.892651757188498 0.892651757188498 0.881682641107561 0.88604898828541 0.890841320553781 0.868370607028754 0.868370607028754 0.868370607028754 0.868370607028754 0.866347177848775 0.866347177848775 0.866347177848775
69 0.857554801670146 0.858311586638831 0.862421711899791 0.862421711899791 0.854527661795407 0.856732776617954 0.853327244258873 0.848094989561587 0.848094989561587 0.859720772442589 0.859720772442589 0.864757306889353 0.858442066805846 0.858442066805846
70 0.871198066003261 0.845804988662131 0.846367197016548 0.846367197016548 0.846367197016548 0.845823728940612 0.8502651749405 0.851595734712618 0.851595734712618 0.844736792788741 0.844736792788741 0.847041847041847 0.848953355446862 0.848953355446862
71 0.990580847723705 NA NA NA 0.992150706436421 0.992150706436421 0.992150706436421 0.992150706436421 0.992150706436421 0.992150706436421 0.992150706436421 0.992150706436421 0.992150706436421 0.992150706436421
72 0.941527272727273 0.937309090909091 0.937309090909091 0.937309090909091 0.940509090909091 0.942836363636364 0.943127272727273 0.924072727272727 0.924072727272727 0.924072727272727 0.924072727272727 0.925236363636364 0.925236363636364 0.925236363636364
73 0.958680855143323 0.955357428178826 0.953424088454287 0.955932636691912 0.955932636691912 0.956092416834436 0.954894065765507 0.954894065765507 0.954894065765507 0.958025756558975 0.958025756558975 0.957913910459208 0.960086920397533 0.957482504074394
74 0.887867857551815 0.878034466964388 0.886579640444292 0.886579640444292 0.876731936333448 0.876918012137868 0.876746249856865 0.878048780487805 0.878048780487805 0.877290163746708 0.877290163746708 0.881197755639528 0.884117714416581 0.884117714416581
75 0.954505626268216 0.954159749123778 0.953721638074156 0.951992252351965 0.951992252351965 0.952176720162332 0.951046854823833 0.951646375207526 0.951646375207526 0.951646375207526 0.951646375207526 0.951600258254935 0.957111234089651 0.954643977125991
76 0.580148619957537 0.52176220806794 0.52176220806794 0.52176220806794 0.530785562632696 0.535031847133758 0.530785562632696 0.515392781316348 0.515392781316348 0.516454352441614 0.512738853503185 0.512738853503185 0.518577494692144 0.518577494692144
77 0.943279372087319 0.897044395388766 0.897044395388766 0.897044395388766 0.892384105960265 0.896492519009075 0.902563159185676 0.93027961736571 0.93027961736571 0.93027961736571 0.93027961736571 0.927949472651459 0.926968359087564 0.926968359087564
78 0.840064102564103 0.824358974358974 0.824358974358974 0.824358974358974 0.82724358974359 0.828205128205128 0.833653846153846 0.838461538461538 0.838461538461538 0.843589743589744 0.847435897435897 0.847435897435897 0.848397435897436 0.848397435897436
79 NA 0.826797385620915 0.826797385620915 0.826797385620915 0.832754435107376 0.834640522875817 0.814920634920635 0.814920634920635 0.814920634920635 0.814920634920635 0.814920634920635 0.819887955182073 0.815873015873016 0.815873015873016
80 NA 0.863563402889246 0.863563402889246 0.863563402889246 0.863563402889246 0.865569823434992 0.868378812199037 0.868378812199037 0.868378812199037 0.874799357945425 0.878812199036918 0.878812199036918 0.882423756019262 0.882423756019262
81 NA 0.917736757624398 0.917736757624398 0.917736757624398 0.917736757624398 0.919743178170144 0.918138041733547 0.918138041733547 0.918138041733547 0.91653290529695 0.916131621187801 0.916131621187801 0.920144462279294 0.920144462279294
82 NA 0.582614775110697 0.582614775110697 0.582614775110697 0.582614775110697 0.56047541365649 0.55721277091587 0.473898858075041 0.473898858075041 0.469704031694244 0.46620834304358 0.46620834304358 0.458634350967141 0.458634350967141
83 NA 0.6616 0.6616 0.6616 0.6616 0.676 0.6864 0.6968 0.6968 0.6984 0.7016 0.7016 0.7048 0.7048
84 NA 0.89297253634895 0.89297253634895 0.89297253634895 0.89297253634895 0.895597738287561 0.899030694668821 0.889135702746365 0.889135702746365 0.884894991922456 0.88529886914378 0.88529886914378 0.889943457189015 0.889943457189015
85 NA 0.867418142780462 0.867418142780462 0.867418142780462 0.867418142780462 0.87037037037037 0.855072463768116 0.858024691358025 0.858024691358025 0.863660762211487 0.861245303274289 0.861245303274289 0.835748792270531 0.835748792270531
86 NA 0.8744 0.8744 0.8744 0.8744 0.8776 0.88 0.88 0.88 0.8864 0.8904 0.8904 0.8952 0.8952
87 NA 0.89903536977492 0.89903536977492 0.89903536977492 0.89903536977492 0.901286173633441 0.9 0.90064308681672 0.90064308681672 0.904823151125402 0.90032154340836 0.90032154340836 0.904180064308682 0.904180064308682
88 NA 0.693745819397993 0.693745819397993 0.693745819397993 0.693745819397993 0.696722408026756 0.70571906354515 0.712775919732441 0.712775919732441 0.719030100334448 0.716220735785953 0.716220735785953 0.712809364548495 0.712809364548495
89 NA 0.713604577240941 0.713604577240941 0.713604577240941 0.713604577240941 0.717355371900826 0.726255562619199 0.73467895740623 0.73467895740623 0.740750158931977 0.737603305785124 0.737603305785124 0.727018436109345 0.727018436109345
90 NA 0.91639566395664 0.91639566395664 0.91639566395664 0.91639566395664 0.917886178861789 0.907723577235772 0.908672086720867 0.908672086720867 0.907723577235772 0.90189701897019 0.90189701897019 0.907181571815718 0.907181571815718
91 NA 0.865315102938865 0.865315102938865 0.865315102938865 0.865315102938865 0.868694012258369 0.866572371522867 0.86995128084237 0.86995128084237 0.872387238723872 0.872701555869873 0.872701555869873 0.876630520194877 0.876630520194877
92 NA 0.8104 0.8104 0.8104 0.8104 0.8144 0.8168 0.8192 0.8192 0.8272 0.8312 0.8312 0.8352 0.8352
93 NA 0.86272504091653 0.86272504091653 0.86272504091653 0.86272504091653 0.862520458265139 0.862827332242226 0.865486906710311 0.865486906710311 0.86968085106383 0.867532733224223 0.867532733224223 0.872545008183306 0.872545008183306
94 NA 0.814469453376206 0.814469453376206 0.814469453376206 0.814469453376206 0.785209003215434 0.790353697749196 0.798070739549839 0.798070739549839 0.80032154340836 0.80032154340836 0.80032154340836 0.805466237942122 0.805466237942122
95 NA 0.762479871175523 0.762479871175523 0.762479871175523 0.762479871175523 0.768115942028985 0.776167471819646 0.783145464304885 0.783145464304885 0.786634460547504 0.789049919484702 0.789049919484702 0.774825550187869 0.774825550187869
96 NA 0.6384 0.6384 0.6384 0.6384 0.6128 0.5936 0.576 0.576 0.5712 0.5632 0.5632 0.5536 0.5536
97 0.917065449458882 0.891113892365457 0.891113892365457 0.891113892365457 0.888794817050725 0.891666053154679 0.854524037399691 0.848045350806155 0.848045350806155 0.848045350806155 0.848045350806155 0.848192593683281 0.850990208348671 0.850990208348671
98 NA 0.776704240472356 0.776704240472356 0.776704240472356 0.776704240472356 0.782071926999463 0.794417606011809 0.738056897477187 0.738056897477187 0.740740740740741 0.745571658615137 0.745571658615137 0.749865807836822 0.749865807836822
99 NA 0.763576848683232 0.763576848683232 0.763576848683232 0.763576848683232 0.751822645439667 0.757774140752864 0.760452313643803 0.760452313643803 0.761940187472102 0.762237762237762 0.762237762237762 0.76685017110549 0.76685017110549
100 NA 0.730748519116855 0.730748519116855 0.730748519116855 0.730748519116855 0.737749057619817 0.749057619816909 0.693591814754981 0.693591814754981 0.697899838449112 0.702207862143242 0.702207862143242 0.675821217016694 0.675821217016694
