"Assay" "nef_3" "nef_4" "nef_5" "nef_6" "nef_7" "nef_8" "nef_9" "nef_10" "nef_11" "nef_12" "nef_13" "nef_14" "nef_15"
1 0.879345488545261 0.81405377911314 0.80428474428474 0.80428474428474 0.80428474428474 0.80428474428474 0.80428474428474 0.862565305350784 0.862565305350784 0.852639431836172 0.852639431836172 0.852656267680661 0.861405113109613
2 0.457937066110351 0.457937066110351 0.480666580539595 0.474516954664201 0.478114742628866 0.470548445161846 0.466038843451064 0.482965118619294 0.482965118619294 0.482965118619294 0.482965118619294 0.48338668475039 0.48338668475039
3 0.393751614078416 0.393751614078416 0.396423198467635 0.444933423726841 0.444933423726841 0.493767794187809 0.44410377029064 0.444751878452813 0.444751878452813 0.444751878452813 0.444751878452813 0.444751878452813 0.444751878452813
4 0.393751614078416 0.393751614078416 0.396423198467635 0.444933423726841 0.444933423726841 0.493767794187809 0.44410377029064 0.444751878452813 0.444751878452813 0.444751878452813 0.444751878452813 0.444751878452813 0.444751878452813
5 0.853330365974706 0.78161519386757 0.78161519386757 0.78161519386757 0.78161519386757 0.78161519386757 0.78161519386757 0.830851765531682 0.830851765531682 0.831205736427655 0.831205736427655 0.817842253405434 0.842657477713178
6 0.843688900011638 0.843688900011638 0.890896719470784 0.890896719470784 0.890896719470784 0.890896719470784 0.890896719470784 0.909513132316174 0.909513132316174 0.918771757821691 0.918771757821691 0.918711572111229 0.900589440348505
7 0.210394975450801 0.25809106086003 0.28477291179049 0.28477291179049 0.275494804604642 0.27298754466756 0.269988189383193 0.263096122324928 0.263096122324928 0.263096122324928 0.263096122324928 0.263096122324928 0.267979566908228
8 -0.00764763914936262 0.0421081367032086 0.0619755279498949 0.0619755279498949 0.0527175270361186 0.0502157004971894 0.0472228450141483 0.0449536220463861 0.0449536220463861 0.0449536220463861 0.0449536220463861 0.0470855138928917 0.049826483882206
9 0.660300245840714 0.698952651525041 0.690377802833889 0.690377802833889 0.690377802833889 0.690377802833889 0.690377802833889 0.721398641342917 0.721398641342917 0.721398641342917 0.73905278656717 0.73905278656717 0.716326328739068
10 0.696378113890591 0.736123704862603 0.743776396515229 0.743776396515229 0.743776396515229 0.743776396515229 0.743776396515229 0.752066030771079 0.752066030771079 0.752066030771079 0.752066030771079 0.752066030771079 0.743889539851259
11 0.824300562032556 0.824300562032556 0.825387405973896 0.825387405973896 0.825387405973896 0.825387405973896 0.825387405973896 0.825008772430414 0.825008772430414 0.825008772430414 0.825008772430414 0.824742946218236 0.826134036404326
12 0.836901834086106 0.836901834086106 0.836901834086106 0.836905550977226 0.836905550977226 0.836835746955342 0.83662562340274 0.836723468834647 0.836723468834647 0.836723468834647 0.836723468834647 0.836499067929968 0.836499067929968
13 0.830688123249469 0.830688123249469 0.830688123249469 0.84234128869899 0.842318655102386 0.865620014570735 0.865536844984894 0.854088702469443 0.854088702469443 0.854088702469443 0.854088702469443 0.854088702469443 0.854088702469443
14 0.830671625063995 0.830671625063995 0.830671625063995 0.846460126334062 0.846460126334062 0.877982947440071 0.877870263627474 0.862373513775375 0.862373513775375 0.862373513775375 0.862373513775375 0.8782188293256 0.846310924957342
15 NA NA NA NA NA NA NA NA NA NA NA NA NA
16 0.66702972435664 0.66702972435664 0.66702972435664 0.66702972435664 0.66702972435664 0.838550029506866 0.838550029506866 0.838550029506866 0.838550029506866 0.838550029506866 0.838550029506866 0.855747372470905 0.855747372470905
17 0.588268794199645 0.593989596306123 0.628877697017754 0.596528849263803 0.596528849263803 0.596111766355447 0.595922057563467 0.596047528205506 0.596047528205506 0.596047528205506 0.596047528205506 0.595019959894269 0.595022022263345
18 0.808115295939104 0.814917033735532 0.817414243982013 0.817414243982013 0.817414243982013 0.817286730263713 0.816977663366067 0.817931517010513 0.817931517010513 0.817931517010513 0.817931517010513 0.865429536546137 0.818488378756972
19 0.914951302132166 0.914951302132166 0.914951302132166 0.914951302132166 0.914951302132166 0.914876833290832 0.914876833290832 0.915061737244333 0.915061737244333 0.915061737244333 0.915061737244333 0.915061737244333 0.915155772675869
20 0.138693417202154 0.138693417202154 0.165069836141552 0.157280014279644 0.157280014279644 0.156883899316216 0.151364998508851 0.158988906292144 0.158988906292144 0.158988906292144 0.158988906292144 0.159590591544304 0.159590591544304
21 0.600829266453573 0.600829266453573 0.600829266453573 0.600829266453573 0.600829266453573 0.601351988538984 0.601351988538984 0.589656254786611 0.589656254786611 0.589656254786611 0.589656254786611 0.662020682541657 0.662020682541657
22 0.361353737728394 0.361353737728394 0.364221353554572 0.364084012443718 0.364084012443718 0.362815390383846 0.361334192698505 0.363502013283125 0.363502013283125 0.363502013283125 0.363502013283125 0.365071852752462 0.365071852752462
23 0.503613666180625 0.503613666180625 0.518586200579969 0.518544543030953 0.518544543030953 0.532697981570045 0.547187293319599 0.561617568922714 0.561617568922714 0.561617568922714 0.561617568922714 0.707439621009776 0.707439621009776
24 0.626934847694618 0.626934847694618 0.626934847694618 0.659340322243871 0.659340322243871 0.824278648871434 0.824278648871434 0.840759408614058 0.840759408614058 0.840759408614058 0.840759408614058 0.840759408614058 0.840759408614058
25 0.46608276687507 0.46608276687507 0.46896363274841 0.468825657042022 0.468825657042022 0.573797463433898 0.466117683049243 0.468240968707985 0.468240968707985 0.468240968707985 0.468240968707985 0.469818061745536 0.469818061745536
26 0.678143190176363 0.678143190176363 0.702318210818324 0.702318210818324 0.702318210818324 0.710599311194243 0.710599311194243 0.735639405883293 0.735639405883293 0.735639405883293 0.735639405883293 0.735510871598057 0.735510871598057
27 0.602170625035813 0.602170625035813 0.607564265886562 0.605533073601996 0.605533073601996 0.604795907932327 0.734754182945173 0.605191805652789 0.605191805652789 0.605191805652789 0.605191805652789 0.607851411622764 0.607851411622764
28 0.926995242424779 0.926995242424779 0.927156330885892 0.927156330885892 0.927156330885892 0.915836798648996 0.915836798648996 0.915836798648996 0.915836798648996 0.915836798648996 0.915836798648996 0.915836798648996 0.915813689523684
29 0.713156355135201 0.713156355135201 0.715123012693626 0.757712046998948 0.757712046998948 0.800023387020774 0.799390815071695 0.75755309439005 0.75755309439005 0.75755309439005 0.75755309439005 0.757999797900716 0.757999797900716
30 0.931478977100697 0.931478977100697 0.931478977100697 0.931478977100697 0.931478977100697 0.931478977100697 0.931478977100697 0.916208436271741 0.916208436271741 0.916208436271741 0.916208436271741 0.916208436271741 0.916208436271741
31 0.857621672164834 0.857621672164834 0.874334580054484 0.874334580054484 0.874334580054484 0.866354546860782 0.866354546860782 0.874898298730644 0.874898298730644 0.874898298730644 0.874898298730644 0.874911874285894 0.866354546860782
32 0.661569945272165 0.661569945272165 0.661751648355719 0.661751648355719 0.661751648355719 0.661626254323765 0.661626254323765 0.589789940281736 0.589789940281736 0.589789940281736 0.589789940281736 0.589688040101571 0.589688040101571
33 0.654500704694919 0.654500704694919 0.746009574725063 0.746116952131975 0.746116952131975 0.565916825845114 0.565052119551412 0.566412668869088 0.566412668869088 0.566412668869088 0.566412668869088 0.567739401362071 0.567739401362071
34 0.529452577593748 0.529452577593748 0.529452577593748 0.528929021889765 0.528929021889765 0.556731743697295 0.556620121296611 0.556989557044758 0.556989557044758 0.556989557044758 0.556989557044758 0.556989557044758 0.556989557044758
35 0.880059951439822 0.879922081989252 0.90523448364165 0.90523448364165 0.90523448364165 0.90550781209265 0.90550781209265 0.897012802123439 0.897012802123439 0.897012802123439 0.897012802123439 0.897012802123439 0.90550781209265
36 0.863817684140475 0.863817684140475 0.880388828609944 0.880388828609944 0.880388828609944 0.880538545955792 0.880538545955792 0.880853027032775 0.880853027032775 0.880853027032775 0.880853027032775 0.880853027032775 0.880538545955792
37 0.605086760406549 0.605086760406549 0.575318961709357 0.574808171689926 0.574808171689926 0.577649467248898 0.57718342146987 0.577705708198849 0.577705708198849 0.577705708198849 0.577705708198849 0.577705708198849 0.577705708198849
38 0.659235449898667 0.659235449898667 0.659495319877429 0.659450455780311 0.659450455780311 0.659036045390395 0.693099174035656 0.624713359500054 0.624713359500054 0.624713359500054 0.624713359500054 0.625226166116911 0.625226166116911
39 0.878359325271229 0.878359325271229 0.903726643121607 0.903726643121607 0.903726643121607 0.903872892659587 0.903872892659587 0.912741525481233 0.912741525481233 0.912741525481233 0.912741525481233 0.912741525481233 0.903872892659587
40 0.830274242602283 0.830274242602283 0.830274242602283 0.830274242602283 0.830274242602283 0.821693707886108 0.821693707886108 0.821693707886108 0.821693707886108 0.821693707886108 0.821693707886108 0.821693707886108 0.821693707886108
41 0.832778829746289 0.832778829746289 0.835209791776672 0.835209791776672 0.835209791776672 0.835209791776672 0.835009775921348 0.868616280229259 0.868616280229259 0.868616280229259 0.868616280229259 0.86868285788045 0.86868285788045
42 0.875088622045725 0.875088622045725 0.859427293375498 0.859427293375498 0.859427293375498 0.859523832107472 0.859523832107472 0.843006259365185 0.843006259365185 0.843006259365185 0.843006259365185 0.842804482319589 0.842804482319589
43 0.687838364690991 0.687838364690991 0.736702232828663 0.736702232828663 0.736702232828663 0.736821345337001 0.736603908677955 0.644183819241563 0.644183819241563 0.644183819241563 0.644183819241563 0.644183819241563 0.644183819241563
44 0.726196760167085 0.726196760167085 0.789069027678358 0.789069027678358 0.789069027678358 0.712917269183588 0.712917269183588 0.697455781620662 0.697455781620662 0.697455781620662 0.697455781620662 0.69729619891573 0.69729619891573
45 0.537289418981728 0.537289418981728 0.538660007511883 0.538660007511883 0.538660007511883 0.538868735760343 0.538868735760343 0.538211102910433 0.538211102910433 0.538211102910433 0.538211102910433 0.584523361769013 0.584523361769013
46 0.688501677315277 0.688501677315277 0.688501677315277 0.688501677315277 0.688501677315277 0.688501677315277 0.688501677315277 0.699990487006118 0.699990487006118 0.699990487006118 0.699990487006118 0.68853815469426 0.68853815469426
47 0.773988153065207 0.773988153065207 0.773988153065207 0.816864219289847 0.816864219289847 0.816778949974139 0.816778949974139 0.773560485273828 0.773560485273828 0.773560485273828 0.773560485273828 0.773946666045976 0.773946666045976
48 0.932468965907157 0.932562361730744 0.959380496758148 0.959380496758148 0.959380496758148 0.941563663658717 0.941563663658717 0.950886028338839 0.950886028338839 0.950886028338839 0.950886028338839 0.950886028338839 0.95963587398723
49 NA NA NA 0.46576297511452 0.46576297511452 0.46580543341912 0.465786456772152 0.482094142876426 0.482094142876426 0.482094142876426 0.482094142876426 0.465768881645485 0.465768881645485
50 0.488026059104439 0.488026059104439 0.492279432588356 0.623189601907873 0.623189601907873 0.618865019577861 0.621102416041886 0.622632570565223 0.622632570565223 0.622632570565223 0.622632570565223 0.625682230389595 0.625682230389595
51 0.830045720570952 0.830045720570952 0.838730606049019 0.838730606049019 0.838730606049019 0.771447749483586 0.771447749483586 0.762556399640189 0.762556399640189 0.762556399640189 0.762556399640189 0.754080822535507 0.813606548629607
52 0.887949912342496 0.887949912342496 0.887949912342496 0.887949912342496 0.887949912342496 0.862554527391093 0.862554527391093 0.854031241539201 0.854031241539201 0.854031241539201 0.854031241539201 0.854031241539201 0.862554527391093
53 0.569972190856116 0.569972190856116 0.575673776683879 0.575537999239746 0.575537999239746 0.576002744661973 0.576121453037033 0.57762976094906 0.57762976094906 0.57762976094906 0.57762976094906 0.57762976094906 0.57762976094906
54 0.580299287831298 0.580299287831298 0.580299287831298 0.588817921861923 0.588817921861923 0.682578649031045 0.682578649031045 0.674131728727242 0.674131728727242 0.674131728727242 0.674131728727242 0.674131728727242 0.674131728727242
55 0.879783973228527 0.879783973228527 0.879783973228527 0.879783973228527 0.879783973228527 0.86656487884726 0.852489795952222 0.852489795952222 0.852489795952222 0.852489795952222 0.852489795952222 0.881212928421239 0.881212928421239
56 0.664057254694861 0.664057254694861 0.664057254694861 0.664057254694861 0.664057254694861 0.723978055151937 0.723978055151937 0.749355946879981 0.749355946879981 0.749355946879981 0.749355946879981 0.749355946879981 0.749355946879981
57 NA NA 0.891289713929311 0.889711722411573 0.889711722411573 0.891296619873602 0.891491929885992 0.891105210582509 0.891105210582509 0.891105210582509 0.891105210582509 0.890177298919607 0.890177298919607
58 0.623409252380117 0.623409252380117 0.623409252380117 0.650574659524605 0.650574659524605 0.650574659524605 0.650574659524605 0.650574659524605 0.650574659524605 0.650574659524605 0.650574659524605 0.622872587965175 0.622872587965175
59 NA NA 0.52652705527891 0.52652705527891 0.52652705527891 0.523967435271907 0.52417867855706 0.524715469830537 0.524715469830537 0.524715469830537 0.524715469830537 0.524715469830537 0.524715469830537
60 0.664252917782162 0.664252917782162 0.664252917782162 0.664252917782162 0.664252917782162 0.664323338324254 0.664323338324254 0.664199383301721 0.664199383301721 0.664199383301721 0.664199383301721 0.664199383301721 0.664199383301721
61 0.891441065775981 0.891441065775981 0.891441065775981 0.891441065775981 0.891441065775981 0.891441065775981 0.89139514361229 0.891441065775981 0.891441065775981 0.891441065775981 0.891441065775981 0.891416062399787 0.903142893406193
62 NA NA 0.614832429850552 0.614832429850552 0.647622725113654 0.647771611085596 0.647771611085596 0.51727885920994 0.51727885920994 0.51727885920994 0.51727885920994 0.549459258693366 0.549459258693366
63 0.846352691671123 0.846352691671123 0.854997556944878 0.854997556944878 0.854997556944878 0.863888967991197 0.863888967991197 0.864111862672338 0.864111862672338 0.864111862672338 0.864111862672338 0.864111862672338 0.864138147052829
64 0.847059135816319 0.847059135816319 0.864856228637775 0.864856228637775 0.864856228637775 0.864856228637775 0.847653206177359 0.87514525195163 0.87514525195163 0.87514525195163 0.87514525195163 0.87514525195163 0.884065212345869
65 0.714242663555552 0.714242663555552 0.722788416199135 0.722788416199135 0.722788416199135 0.731827734322703 0.731827734322703 0.765708013936965 0.765708013936965 0.765708013936965 0.765708013936965 0.766238092283465 0.766238092283465
66 0.629009788201184 0.629009788201184 0.636864454330933 0.634445035532338 0.634445035532338 0.632344913240794 0.633626330022791 0.633626330022791 0.633626330022791 0.633626330022791 0.633626330022791 0.633626330022791 0.633626330022791
67 0.747918402709677 0.747918402709677 0.7501889441363 0.749519976397605 0.749519976397605 0.749519976397605 0.749800395331246 0.749540248589713 0.749540248589713 0.749540248589713 0.749540248589713 0.665717617570036 0.665717617570036
68 0.727977439231923 0.727977439231923 0.728309183224326 0.728309183224326 0.728309183224326 0.728309183224326 0.728309183224326 0.79968318087264 0.79968318087264 0.79968318087264 0.79968318087264 0.798809258347635 0.798809258347635
69 0.85637779962827 0.85637779962827 0.85637779962827 0.85637779962827 0.85637779962827 0.909040949486021 0.909040949486021 0.908984927982074 0.908984927982074 0.908984927982074 0.908984927982074 0.908940459393542 0.908940459393542
70 0.73390119672466 0.73390119672466 0.734425180676736 0.734425180676736 0.734425180676736 0.734425180676736 0.781381760857583 0.818346293588162 0.818346293588162 0.818346293588162 0.818346293588162 0.791042453893644 0.791042453893644
71 0.596912678051989 0.596912678051989 0.62146002654336 0.615809415232359 0.615809415232359 0.618395538347071 0.610650572554449 0.608750863867195 0.608750863867195 0.608750863867195 0.608750863867195 0.608750863867195 0.608750863867195
72 0.868929355460242 0.868929355460242 0.868929355460242 0.869038407677972 0.869038407677972 0.868022285827679 0.868022285827679 0.868574333006926 0.868574333006926 0.868574333006926 0.868574333006926 0.868830566520447 0.868830566520447
73 0.957955360804085 0.947391774984136 0.966522310609137 0.966522310609137 0.966522310609137 0.976210837149138 0.976210837149138 0.976210837149138 0.976210837149138 0.976210837149138 0.976210837149138 0.97627603141949 0.976272840422937
74 0.932029004898908 0.932172481499469 0.962590731983968 0.962590731983968 0.962590731983968 0.962590731983968 0.962590731983968 0.962969582157414 0.962969582157414 0.962969582157414 0.962969582157414 0.962969582157414 0.962590731983968
75 0.90097262919739 0.90097262919739 0.919054076541332 0.919054076541332 0.919054076541332 0.892258242128064 0.892258242128064 0.892507999146966 0.892507999146966 0.892507999146966 0.892507999146966 0.892507999146966 0.8834030837706
76 0.322016993919075 0.322016993919075 0.327569474875095 0.327352621890189 0.327352621890189 0.325714521974447 0.325381779255377 0.326372672431538 0.326372672431538 0.326372672431538 0.326372672431538 0.326372672431538 0.326372672431538
77 0.850877810548225 0.850877810548225 0.850877810548225 0.850877810548225 0.850877810548225 0.893275310902629 0.893275310902629 0.91263117089421 0.91263117089421 0.91263117089421 0.91263117089421 0.91263117089421 0.91263117089421
78 0.474643984403438 0.474643984403438 0.478090070665742 0.477955483244706 0.477955483244706 0.583510055405526 0.583303542295054 0.583918529251124 0.583918529251124 0.583918529251124 0.583918529251124 0.583918529251124 0.583918529251124
79 0.77664499710563 0.77664499710563 0.77664499710563 0.77664499710563 0.77664499710563 0.805739606205314 0.786947787936665 0.804569776754972 0.804569776754972 0.804569776754972 0.804569776754972 0.804988189652969 0.804988189652969
80 0.364284082316507 0.364284082316507 0.371365852443925 0.371365852443925 0.371365852443925 0.371870015651122 0.370892189278439 0.638269315953858 0.638269315953858 0.638269315953858 0.638269315953858 0.638270260325376 0.638270260325376
81 0.630329196439265 0.630329196439265 0.637440056893779 0.637440056893779 0.637440056893779 0.637946291090621 0.636964448025994 0.772138597737913 0.772138597737913 0.772138597737913 0.772138597737913 0.772139545988699 0.772139545988699
82 0.538217181753795 0.538217181753795 0.540312594903236 0.540312594903236 0.540312594903236 0.540461770913587 0.540172443499349 0.540724330147474 0.540724330147474 0.540724330147474 0.540724330147474 0.540724609575987 0.540724609575987
83 0.545297169517374 0.545297169517374 0.558821930095064 0.558821930095064 0.558821930095064 0.559784780702572 0.557917328449937 0.56147945880304 0.56147945880304 0.56147945880304 0.56147945880304 0.561481262363231 0.561481262363231
84 0.812663785457314 0.812663785457314 0.816308799977807 0.816308799977807 0.816308799977807 0.81656829473376 0.816065003711484 0.753167669558944 0.753167669558944 0.753167669558944 0.753167669558944 0.753167669558944 0.753167669558944
85 0.569973707049095 0.569973707049095 0.48469366298103 0.48469366298103 0.48469366298103 0.485035778231276 0.484372244460044 0.395552328571975 0.395552328571975 0.395552328571975 0.395552328571975 0.485638563588992 0.485638563588992
86 0.292220588510719 0.292220588510719 0.305715427821716 0.305715427821716 0.305715427821716 0.306676148283581 0.304812827456162 0.561343445801373 0.561343445801373 0.561343445801373 0.561343445801373 0.561345245371489 0.561345245371489
87 0.594669423845428 0.594669423845428 0.600426292342313 0.600426292342313 0.600426292342313 0.600836133558927 0.600041245029782 0.709476637419718 0.709476637419718 0.709476637419718 0.709476637419718 0.709477405112335 0.709477405112335
88 0.533764682206737 0.533764682206737 0.555741318980802 0.781837379232401 0.781837379232401 0.781837379232401 0.781837379232401 0.792741219964105 0.792741219964105 0.792741219964105 0.792741219964105 0.80346979197487 0.80346979197487
89 0.55928165853772 0.55928165853772 0.569949824289739 0.773772250205959 0.773772250205959 0.773772250205959 0.773772250205959 0.794218243989921 0.794218243989921 0.794218243989921 0.794218243989921 0.804370484056315 0.804370484056315
90 0.784280329728061 0.784280329728061 0.786736602898226 0.786736602898226 0.786736602898226 0.786911469144509 0.786572315424311 0.78721924482204 0.78721924482204 0.78721924482204 0.78721924482204 0.787219572372127 0.787219572372127
91 0.745284462434144 0.745284462434144 0.773157274877361 0.773157274877361 0.773157274877361 0.773257765964008 0.746601607040898 0.773434636646235 0.773434636646235 0.773434636646235 0.773434636646235 0.746973568785422 0.746973568785422
92 0.292868367964288 0.292868367964288 0.306321135351159 0.306321135351159 0.306321135351159 0.307278860641504 0.305421348960135 0.308964517858892 0.308964517858892 0.308964517858892 0.308964517858892 0.308966311818613 0.308966311818613
93 0.665140140763762 0.665140140763762 0.701592529246885 0.701592529246885 0.701592529246885 0.701723952659467 0.701469056473121 0.771167943524765 0.771167943524765 0.771167943524765 0.771167943524765 0.771168189700063 0.771168189700063
94 0.594360574273802 0.594360574273802 0.600098661560272 0.600098661560272 0.600098661560272 0.600507165710713 0.599714870426269 0.70879324074205 0.70879324074205 0.70879324074205 0.70879324074205 0.708794005930146 0.708794005930146
95 0.570066384360402 0.570066384360402 0.574878299231853 0.574878299231853 0.574878299231853 0.575220867599747 0.574556455005191 0.666028718509073 0.666028718509073 0.666028718509073 0.666028718509073 0.666029360189793 0.666029360189793
96 0.169117394602275 0.169117394602275 0.193608064336301 0.193608064336301 0.193608064336301 0.195351596585632 0.191970009451381 0.19842032386 0.19842032386 0.19842032386 0.19842032386 0.198423589751232 0.198423589751232
97 0.782080315562725 0.782080315562725 0.782572341137922 0.794312988262728 0.794312988262728 0.794312988262728 0.794312988262728 0.782554561947556 0.782554561947556 0.782554561947556 0.782554561947556 0.830954864381679 0.830954864381679
98 0.340675086890719 0.340675086890719 0.349558151644207 0.349558151644207 0.349558151644207 0.350461017189231 0.350503962844477 0.700086032111014 0.700086032111014 0.700086032111014 0.700086032111014 0.700086032111014 0.700086032111014
99 0.765204683282673 0.765204683282673 0.767765321773726 0.767765321773726 0.767765321773726 0.768025582430492 0.768037961975266 0.768472913934827 0.768472913934827 0.768472913934827 0.768472913934827 0.768472913934827 0.768472913934827
100 0.340782799448691 0.340782799448691 0.349655710504437 0.349655710504437 0.349655710504437 0.350557544038089 0.350600440604736 0.525945261742757 0.525945261742757 0.525945261742757 0.525945261742757 0.525945261742757 0.525945261742757
