"Assay" "nef_1" "nef_2" "nef_3" "nef_4" "nef_5" "nef_6" "nef_7" "nef_8" "nef_9" "nef_10" "nef_11" "nef_12" "nef_13" "nef_14" "nef_15"
1 0.900740242261104 0.920592193808883 0.920592193808883 0.920592193808883 0.920592193808883 0.920592193808883 0.920592193808883 0.920592193808883 0.920592193808883 0.920592193808883 0.920592193808883 0.930518169582773 0.930518169582773 0.930518169582773 0.930518169582773
2 NA 1 1 1 1 1 1 1 1 1 1 1 1 1 1
3 NA 0.596125186289121 0.596125186289121 0.596125186289121 0.596125186289121 0.596125186289121 0.596125186289121 0.596125186289121 0.596125186289121 0.646609538002981 0.646609538002981 0.646609538002981 0.646609538002981 0.596125186289121 0.596125186289121
4 NA 0.596125186289121 0.596125186289121 0.596125186289121 0.596125186289121 0.596125186289121 0.596125186289121 0.596125186289121 0.596125186289121 0.646609538002981 0.646609538002981 0.646609538002981 0.646609538002981 0.596125186289121 0.596125186289121
5 0.922480620155039 0.909560723514212 0.909560723514212 0.922480620155039 0.922480620155039 0.922480620155039 0.935400516795866 0.922480620155039 0.922480620155039 0.896640826873385 0.857881136950904 0.857881136950904 0.857881136950904 0.844961240310077 0.832041343669251
6 0.944428571428571 0.944428571428571 0.944428571428571 0.935166666666667 0.935166666666667 0.935166666666667 0.935166666666667 0.944428571428571 0.944428571428571 0.944428571428571 0.907380952380952 0.879595238095238 0.851809523809524 0.824023809523809 0.8055
7 0.722341954022989 0.722341954022989 0.722341954022989 0.722341954022989 0.722341954022989 0.722341954022989 0.722341954022989 0.722341954022989 0.722341954022989 0.722341954022989 1 1 1 1 1
8 0.444767441860465 0.444767441860465 0.444767441860465 0.722383720930233 0.722383720930233 0.722383720930233 0.722383720930233 0.722383720930233 0.722383720930233 0.722383720930233 0.722383720930233 0.722383720930233 0.722383720930233 0.722383720930233 0.722383720930233
9 0.774524158125915 0.774524158125915 0.774524158125915 0.758418740849195 0.758418740849195 0.742313323572474 0.710102489019034 0.710102489019034 0.710102489019034 0.702049780380673 0.693997071742313 0.677891654465593 0.693997071742313 0.693997071742313 0.693997071742313
10 0.777908689248895 0.777908689248895 0.777908689248895 0.769366715758468 0.769366715758468 0.769366715758468 0.726656848306333 0.760824742268041 0.769366715758468 0.760824742268041 0.79499263622975 0.79499263622975 0.812076583210604 0.803534609720177 0.803534609720177
11 NA NA 0.791666666666667 0.791666666666667 0.791666666666667 0.861111111111111 0.791666666666667 0.791666666666667 0.791666666666667 0.791666666666667 0.791666666666667 0.826388888888889 0.826388888888889 0.826388888888889 0.826388888888889
12 0.861132218844985 0.861132218844985 0.861132218844985 0.861132218844985 0.861132218844985 0.884276849037487 0.884276849037487 0.884276849037487 0.884276849037487 0.884276849037487 0.884276849037487 0.884276849037487 0.884276849037487 0.884276849037487 0.861132218844985
13 0.875226237283904 0.875226237283904 0.875226237283904 0.875226237283904 0.875226237283904 0.875226237283904 0.829853959932597 0.875226237283904 0.875226237283904 0.852540098608251 0.81851089059477 0.795824751919116 0.795824751919116 0.784481682581289 0.773138613243463
14 0.861026033690659 0.861026033690659 0.861026033690659 0.861026033690659 0.861026033690659 0.861026033690659 0.83014293006636 0.861026033690659 0.861026033690659 0.83014293006636 0.814701378254211 0.861026033690659 0.861026033690659 0.845584481878509 0.799259826442062
15 NA NA NA NA NA NA NA NA NA NA NA NA NA NA NA
16 NA NA 0.730765599924478 0.730765599924478 0.713938449919758 0.747592749929199 0.899037099971679 0.899037099971679 0.899037099971679 0.94951854998584 0.94951854998584 0.94951854998584 0.94951854998584 0.96634569999056 0.932691399981119
17 0.640579044117647 0.705928308823529 0.705928308823529 0.738602941176471 0.673253676470588 0.673253676470588 0.673253676470588 0.673253676470588 0.673253676470588 0.673253676470588 0.673253676470588 0.705928308823529 0.738602941176471 0.738602941176471 0.771277573529412
18 0.953681865828092 0.814727463312369 0.814727463312369 0.814727463312369 0.814727463312369 0.814727463312369 0.814727463312369 0.814727463312369 0.814727463312369 0.814727463312369 0.814727463312369 0.814727463312369 0.814727463312369 0.814727463312369 0.814727463312369
19 0.911181102362205 0.911181102362205 0.911181102362205 0.911181102362205 0.911181102362205 0.911181102362205 0.911181102362205 0.877874015748031 0.877874015748031 0.90007874015748 0.90007874015748 0.877874015748031 0.844566929133858 0.844566929133858 0.844566929133858
20 NA 0.444532488114105 0.444532488114105 0.444532488114105 0.444532488114105 0.444532488114105 0.444532488114105 0.444532488114105 0.444532488114105 0.444532488114105 0.444532488114105 0.444532488114105 0.444532488114105 0.444532488114105 0.444532488114105
21 NA 0.586090467949371 0.586090467949371 0.586090467949371 0.586090467949371 0.609742441209406 0.621568427839424 0.621568427839424 0.621568427839424 0.609742441209406 0.609742441209406 0.609742441209406 0.609742441209406 0.609742441209406 0.562438494689335
22 NA 0.66677367576244 0.55569823434992 0.55569823434992 0.55569823434992 0.66677367576244 0.66677367576244 0.66677367576244 0.66677367576244 0.77784911717496 0.77784911717496 0.77784911717496 0.77784911717496 0.77784911717496 0.77784911717496
23 NA 0.472934472934473 0.472934472934473 0.472934472934473 0.472934472934473 0.472934472934473 0.487179487179487 0.487179487179487 0.487179487179487 0.487179487179487 0.487179487179487 0.487179487179487 0.472934472934473 0.472934472934473 0.472934472934473
24 NA 0.624122390891841 0.640464895635674 0.640464895635674 0.640464895635674 0.803889943074004 0.869259962049336 0.869259962049336 0.869259962049336 0.869259962049336 0.869259962049336 0.869259962049336 0.885602466793169 0.885602466793169 0.869259962049336
25 NA 0.555483870967742 0.555483870967742 0.555483870967742 0.555483870967742 0.555483870967742 0.555483870967742 0.555483870967742 0.555483870967742 0.555483870967742 0.555483870967742 0.555483870967742 0.555483870967742 0.555483870967742 0.555483870967742
26 NA NA 0.795718690702087 0.795718690702087 0.803889943074004 0.803889943074004 0.795718690702087 0.795718690702087 0.795718690702087 0.795718690702087 0.795718690702087 0.795718690702087 0.803889943074004 0.803889943074004 0.795718690702087
27 NA 0.861066235864297 0.861066235864297 0.861066235864297 0.861066235864297 0.722132471728595 0.722132471728595 0.722132471728595 0.722132471728595 0.583198707592892 0.583198707592892 0.583198707592892 0.722132471728595 0.583198707592892 0.583198707592892
28 0.954633872935281 0.954633872935281 0.954633872935281 0.954633872935281 0.954633872935281 0.943292341169101 0.943292341169101 0.920609277636741 0.943292341169101 0.943292341169101 0.954633872935281 0.954633872935281 0.954633872935281 0.954633872935281 0.943292341169101
29 NA NA 0.82919835431991 0.82919835431991 0.82919835431991 0.82919835431991 0.786497942899888 0.786497942899888 0.786497942899888 0.786497942899888 0.786497942899888 0.786497942899888 0.786497942899888 0.786497942899888 0.786497942899888
30 0.954984204984205 0.954984204984205 0.954984204984205 0.954984204984205 0.954984204984205 0.954984204984205 0.954984204984205 0.954984204984205 0.954984204984205 0.954984204984205 0.954984204984205 0.954984204984205 0.954984204984205 0.954984204984205 0.954984204984205
31 0.908234805550127 0.908234805550127 0.908234805550127 0.908234805550127 0.908234805550127 0.916577095954661 0.916577095954661 0.908234805550127 0.908234805550127 0.908234805550127 0.916577095954661 0.916577095954661 0.916577095954661 0.916577095954661 0.916577095954661
32 NA 0.485016286644951 0.485016286644951 0.485016286644951 0.495114006514658 0.474918566775244 0.495114006514658 0.495114006514658 0.495114006514658 0.495114006514658 0.495114006514658 0.495114006514658 0.485016286644951 0.495114006514658 0.495114006514658
33 NA 0.722312703583062 0.722312703583062 0.722312703583062 0.722312703583062 0.629750271444083 0.629750271444083 0.629750271444083 0.629750271444083 0.629750271444083 0.629750271444083 0.629750271444083 0.629750271444083 0.629750271444083 0.629750271444083
34 NA 0.576857453078951 0.550411043896386 0.550411043896386 0.576857453078951 0.603303862261517 0.656196680626648 0.656196680626648 0.656196680626648 0.629750271444082 0.629750271444082 0.629750271444082 0.629750271444082 0.629750271444082 0.576857453078951
35 0.915558972324174 0.915558972324174 0.915558972324174 0.915558972324174 0.915558972324174 0.924003075091757 0.924003075091757 0.915558972324174 0.915558972324174 0.915558972324174 0.915558972324174 0.915558972324174 0.915558972324174 0.915558972324174 0.915558972324174
36 0.907563025210084 0.907563025210084 0.907563025210084 0.907563025210084 0.907563025210084 0.915966386554622 0.915966386554622 0.915966386554622 0.915966386554622 0.915966386554622 0.915966386554622 0.915966386554622 0.92436974789916 0.92436974789916 0.92436974789916
37 NA 0.660438261502091 0.660438261502091 0.660438261502091 0.660438261502091 0.691307510456447 0.660438261502091 0.660438261502091 0.660438261502091 0.660438261502091 0.660438261502091 0.660438261502091 0.660438261502091 0.660438261502091 0.660438261502091
38 NA 0.756864754098361 0.756864754098361 0.756864754098361 0.756864754098361 0.722131147540984 0.687397540983607 0.687397540983607 0.687397540983607 0.861065573770492 0.861065573770492 0.861065573770492 0.722131147540984 0.722131147540984 0.722131147540984
39 0.931941377233487 0.931941377233487 0.931941377233487 0.931941377233487 0.931941377233487 0.931941377233487 0.931941377233487 0.931941377233487 0.931941377233487 0.931941377233487 0.931941377233487 0.931941377233487 0.940448705079301 0.940448705079301 0.940448705079301
40 0.854208727018224 0.854208727018224 0.854208727018224 0.854208727018224 0.854208727018224 0.854208727018224 0.863320681579585 0.863320681579585 0.863320681579585 0.863320681579585 0.872432636140946 0.872432636140946 0.872432636140946 0.872432636140946 0.872432636140946
41 1 1 1 1 1 1 1 0.901896284829721 0.934597523219814 0.901896284829721 0.869195046439629 0.869195046439629 0.869195046439629 0.869195046439629 0.869195046439629
42 NA NA 0.852820040701618 0.852820040701618 0.852820040701618 0.803760054268825 0.836466711890687 0.836466711890687 0.836466711890687 0.836466711890687 0.836466711890687 0.836466711890687 0.852820040701618 0.86917336951255 0.885526698323481
43 NA NA 0.721993410214168 0.721993410214168 0.721993410214168 0.675658978583196 0.629324546952224 0.629324546952224 0.629324546952224 0.629324546952224 0.629324546952224 0.629324546952224 0.629324546952224 0.53665568369028 0.53665568369028
44 NA 0.753249130514369 0.737827201171517 0.737827201171517 0.753249130514369 0.691561413142962 0.614451766428702 0.614451766428702 0.614451766428702 0.753249130514369 0.753249130514369 0.753249130514369 0.737827201171517 0.691561413142962 0.706983342485814
45 NA 0.644620462046205 0.644620462046205 0.644620462046205 0.644620462046205 0.644620462046205 0.577986798679868 0.577986798679868 0.577986798679868 0.60019801980198 0.60019801980198 0.60019801980198 0.555775577557756 0.577986798679868 0.555775577557756
46 NA 0.50138075031993 0.512713005994477 0.512713005994477 0.512713005994477 0.512713005994477 0.512713005994477 0.512713005994477 0.512713005994477 0.512713005994477 0.512713005994477 0.512713005994477 0.512713005994477 0.512713005994477 0.512713005994477
47 NA 0.89319771137953 0.89319771137953 0.89319771137953 0.89319771137953 0.89319771137953 0.89319771137953 0.89319771137953 0.89319771137953 0.89319771137953 0.89319771137953 0.89319771137953 0.89319771137953 0.89319771137953 0.89319771137953
48 0.963975088585848 0.963975088585848 0.963975088585848 0.963975088585848 0.963975088585848 0.963975088585848 0.963975088585848 0.963975088585848 0.963975088585848 0.963975088585848 0.963975088585848 0.963975088585848 0.963975088585848 0.963975088585848 0.963975088585848
49 NA NA 0.477124183006536 0.477124183006536 0.477124183006536 0.477124183006536 0.477124183006536 0.477124183006536 0.477124183006536 0.493464052287582 0.493464052287582 0.493464052287582 0.493464052287582 0.493464052287582 0.493464052287582
50 NA NA 1 1 1 0.722176079734219 0.583264119601329 0.583264119601329 0.583264119601329 0.583264119601329 0.583264119601329 0.583264119601329 0.583264119601329 0.583264119601329 0.583264119601329
51 0.86529410284161 0.86529410284161 0.86529410284161 0.86529410284161 0.86529410284161 0.873713221414009 0.873713221414009 0.873713221414009 0.873713221414009 0.873713221414009 0.873713221414009 0.873713221414009 0.882132339986408 0.882132339986408 0.882132339986408
52 0.931443911000981 0.940013422125858 0.940013422125858 0.940013422125858 0.940013422125858 0.940013422125858 0.940013422125858 0.940013422125858 0.948582933250736 0.948582933250736 0.948582933250736 0.948582933250736 0.948582933250736 0.948582933250736 0.948582933250736
53 NA 0.66672268907563 0.66672268907563 0.66672268907563 0.66672268907563 0.66672268907563 0.66672268907563 0.66672268907563 0.66672268907563 0.66672268907563 0.66672268907563 0.66672268907563 0.66672268907563 0.66672268907563 0.66672268907563
54 NA NA 0.58459595959596 0.58459595959596 0.58459595959596 0.643939393939394 0.694805194805195 0.694805194805195 0.694805194805195 0.694805194805195 0.694805194805195 0.694805194805195 0.703282828282828 0.711760461760462 0.728715728715729
55 NA 0.871751559251559 0.871751559251559 0.871751559251559 0.871751559251559 0.886001386001386 0.900251212751213 0.900251212751213 0.900251212751213 0.914501039501039 0.914501039501039 0.914501039501039 0.900251212751213 0.900251212751213 0.900251212751213
56 NA 0.669933631733292 0.661470391521325 0.661470391521325 0.669933631733292 0.737639553429027 0.70378659258116 0.70378659258116 0.70378659258116 0.712249832793126 0.712249832793126 0.712249832793126 0.712249832793126 0.695323352369193 0.661470391521325
57 NA 0.861040609137056 0.861040609137056 0.861040609137056 0.861040609137056 0.861040609137056 0.861040609137056 0.861040609137056 0.861040609137056 0.861040609137056 0.861040609137056 0.861040609137056 0.722081218274112 0.722081218274112 0.722081218274112
58 NA NA 0.638705583756345 0.638705583756345 0.638705583756345 0.638705583756345 0.610913705583756 0.610913705583756 0.610913705583756 0.610913705583756 0.610913705583756 0.610913705583756 0.610913705583756 0.610913705583756 0.610913705583756
59 NA 0.444162436548223 0.444162436548223 0.444162436548223 0.444162436548223 0.444162436548223 0.444162436548223 0.444162436548223 0.444162436548223 0.444162436548223 0.444162436548223 0.444162436548223 0.444162436548223 0.444162436548223 0.444162436548223
60 NA 0.659267359212685 0.623400765445599 0.623400765445599 0.659267359212685 0.659267359212685 0.623400765445599 0.623400765445599 0.623400765445599 0.623400765445599 0.623400765445599 0.623400765445599 0.641334062329142 0.677200656096227 0.677200656096227
61 0.920581113801453 0.931926668972674 0.931926668972674 0.931926668972674 0.931926668972674 0.931926668972674 0.931926668972674 0.931926668972674 0.931926668972674 0.931926668972674 0.931926668972674 0.931926668972674 0.931926668972674 0.931926668972674 0.931926668972674
62 NA 0.574802756416658 0.574802756416658 0.574802756416658 0.574802756416658 0.542095276141017 0.6075102366923 0.6075102366923 0.6075102366923 0.640217716967942 0.640217716967942 0.6075102366923 0.6075102366923 0.6075102366923 0.6075102366923
63 0.906052782558807 0.906052782558807 0.906052782558807 0.906052782558807 0.906052782558807 0.906052782558807 0.906052782558807 0.906052782558807 0.906052782558807 0.906052782558807 0.906052782558807 0.906052782558807 0.906052782558807 0.906052782558807 0.906052782558807
64 0.850222282096188 0.850222282096188 0.850222282096188 0.850222282096188 0.850222282096188 0.850222282096188 0.859032736090529 0.894274552067897 0.859032736090529 0.859032736090529 0.867843190084871 0.867843190084871 0.867843190084871 0.867843190084871 0.867843190084871
65 NA 0.725931800158604 0.734496431403648 0.734496431403648 0.734496431403648 0.751625693893735 0.751625693893735 0.751625693893735 0.751625693893735 0.734496431403648 0.734496431403648 0.734496431403648 0.734496431403648 0.708802537668517 0.717367168913561
66 NA NA 0.7221269296741 0.7221269296741 0.7221269296741 0.583190394511149 0.583190394511149 0.583190394511149 0.583190394511149 0.583190394511149 0.583190394511149 0.583190394511149 0.583190394511149 0.583190394511149 0.583190394511149
67 NA 0.65823795581581 0.65823795581581 0.65823795581581 0.65823795581581 0.65823795581581 0.65823795581581 0.65823795581581 0.65823795581581 0.572797444769763 0.572797444769763 0.572797444769763 0.65823795581581 0.615517700292787 0.786398722384882
68 NA NA 0.851877527440786 0.851877527440786 0.851877527440786 0.851877527440786 0.703755054881571 0.703755054881571 0.703755054881571 0.703755054881571 0.703755054881571 0.703755054881571 0.703755054881571 0.814846909300982 0.814846909300982
69 NA 0.895778966597077 0.895778966597077 0.895778966597077 0.895778966597077 0.927045276617954 0.927045276617954 0.927045276617954 0.927045276617954 0.916623173277662 0.916623173277662 0.916623173277662 0.927045276617954 0.927045276617954 0.927045276617954
70 NA 0.731823979591837 0.722576530612245 0.722576530612245 0.722576530612245 0.722576530612245 0.731823979591837 0.731823979591837 0.731823979591837 0.741071428571429 0.741071428571429 0.741071428571429 0.731823979591837 0.75031887755102 0.768813775510204
71 NA 1 1 1 1 1 1 1 1 1 1 1 1 1 1
72 NA NA 0.898919262555626 0.898919262555626 0.898919262555626 0.898919262555626 0.898919262555626 0.898919262555626 0.898919262555626 0.898919262555626 0.898919262555626 0.898919262555626 0.898919262555626 0.898919262555626 0.848378893833439
73 0.951647782651072 0.970988669590643 0.970988669590643 0.970988669590643 0.961318226120858 0.970988669590643 0.970988669590643 0.970988669590643 0.961318226120858 0.961318226120858 0.961318226120858 0.970988669590643 0.970988669590643 0.970988669590643 0.970988669590643
74 0.969318621757646 0.969318621757646 0.969318621757646 0.969318621757646 0.969318621757646 0.969318621757646 0.969318621757646 0.969318621757646 0.969318621757646 0.969318621757646 0.969318621757646 0.969318621757646 0.969318621757646 0.969318621757646 0.969318621757646
75 0.936650679456435 0.94570058239123 0.94570058239123 0.94570058239123 0.94570058239123 0.94570058239123 0.94570058239123 0.94570058239123 0.94570058239123 0.94570058239123 0.94570058239123 0.94570058239123 0.94570058239123 0.94570058239123 0.94570058239123
76 NA 0.629694835680751 0.629694835680751 0.629694835680751 0.629694835680751 0.629694835680751 0.444542253521127 0.444542253521127 0.444542253521127 0.444542253521127 0.444542253521127 0.444542253521127 0.444542253521127 0.444542253521127 0.444542253521127
77 NA NA 0.897137454355764 0.897137454355764 0.897137454355764 0.917709963484611 0.917709963484611 0.917709963484611 0.917709963484611 0.897137454355764 0.897137454355764 0.897137454355764 0.897137454355764 0.814847417840376 0.814847417840376
78 NA 0.77773851590106 0.77773851590106 0.77773851590106 0.77773851590106 0.88886925795053 1 1 1 1 1 1 1 1 1
79 NA 0.848344671201814 0.829387755102041 0.829387755102041 0.819909297052154 0.848344671201814 0.857823129251701 0.857823129251701 0.857823129251701 0.829387755102041 0.829387755102041 0.829387755102041 0.838866213151927 0.848344671201814 0.848344671201814
80 NA 0.722074468085106 0.722074468085106 0.722074468085106 0.722074468085106 0.722074468085106 0.722074468085106 0.722074468085106 0.722074468085106 0.722074468085106 0.722074468085106 1 1 1 1
81 NA 0.861037234042553 0.861037234042553 1 1 1 1 1 1 1 1 1 1 1 0.861037234042553
82 NA 0.563259878419453 0.563259878419453 0.483852583586626 0.483852583586626 0.483852583586626 0.483852583586626 0.483852583586626 0.483852583586626 0.483852583586626 0.483852583586626 0.483852583586626 0.483852583586626 0.483852583586626 0.483852583586626
83 NA 0.722074468085106 0.722074468085106 0.722074468085106 0.722074468085106 0.722074468085106 0.722074468085106 0.722074468085106 0.722074468085106 0.722074468085106 0.722074468085106 0.722074468085106 0.722074468085106 0.722074468085106 0.722074468085106
84 NA 0.79155585106383 0.722074468085106 0.79155585106383 0.861037234042553 0.861037234042553 0.861037234042553 0.861037234042553 0.861037234042553 0.861037234042553 0.861037234042553 0.861037234042553 0.861037234042553 0.79155585106383 0.79155585106383
85 NA 0.629432624113475 0.629432624113475 0.629432624113475 0.629432624113475 0.629432624113475 0.629432624113475 0.629432624113475 0.629432624113475 0.629432624113475 0.629432624113475 0.629432624113475 0.629432624113475 0.536790780141844 0.536790780141844
86 NA 0.722074468085106 0.722074468085106 1 1 1 1 1 1 1 1 1 1 1 1
87 NA 0.777659574468085 0.777659574468085 1 1 1 1 1 1 1 1 1 1 1 1
88 NA 0.561732815057283 0.572422258592471 0.561732815057283 0.828968903436988 0.828968903436988 0.828968903436988 0.828968903436988 0.828968903436988 0.828968903436988 0.828968903436988 0.828968903436988 0.828968903436988 0.828968903436988 0.828968903436988
89 NA 0.595744680851064 0.605851063829787 0.595744680851064 0.807978723404255 0.807978723404255 0.807978723404255 0.807978723404255 0.807978723404255 0.807978723404255 0.807978723404255 0.807978723404255 0.807978723404255 0.807978723404255 0.807978723404255
90 NA 0.814716312056738 0.814716312056738 0.953679078014184 0.953679078014184 0.953679078014184 0.953679078014184 0.953679078014184 0.953679078014184 0.861037234042553 0.861037234042553 0.861037234042553 0.861037234042553 0.953679078014184 0.907358156028369
91 NA 0.682370820668693 0.682370820668693 0.708839918946302 0.708839918946302 0.682370820668693 0.788247213779129 0.788247213779129 0.788247213779129 0.76177811550152 0.76177811550152 0.76177811550152 0.76177811550152 0.735309017223911 0.841185410334347
92 NA 0.444148936170213 0.444148936170213 0.444148936170213 0.444148936170213 0.444148936170213 0.444148936170213 0.444148936170213 0.444148936170213 0.444148936170213 0.444148936170213 0.722074468085106 0.722074468085106 0.722074468085106 0.722074468085106
93 NA 0.756815159574468 0.756815159574468 0.756815159574468 0.756815159574468 0.756815159574468 0.756815159574468 0.756815159574468 0.756815159574468 0.756815159574468 0.756815159574468 0.756815159574468 0.756815159574468 0.756815159574468 0.756815159574468
94 NA 0.777659574468085 0.777659574468085 0.777659574468085 0.777659574468085 0.777659574468085 0.777659574468085 0.777659574468085 0.777659574468085 0.888829787234043 0.888829787234043 0.888829787234043 0.888829787234043 0.888829787234043 0.666489361702128
95 NA 0.722074468085106 0.722074468085106 0.629432624113475 0.629432624113475 0.629432624113475 0.629432624113475 0.629432624113475 0.629432624113475 0.629432624113475 0.629432624113475 0.629432624113475 0.629432624113475 0.629432624113475 0.629432624113475
96 NA 0.44404973357016 0.44404973357016 0.44404973357016 0.44404973357016 0.44404973357016 0.44404973357016 0.44404973357016 0.44404973357016 0.44404973357016 0.44404973357016 0.44404973357016 0.44404973357016 0.44404973357016 0.44404973357016
97 NA NA 0.787422999886626 0.787422999886626 0.787422999886626 0.787422999886626 0.834662333245153 0.834662333245153 0.834662333245153 0.834662333245153 0.834662333245153 0.834662333245153 0.834662333245153 0.846472166584785 0.846472166584785
98 NA 0.629893238434164 0.629893238434164 0.444839857651246 0.444839857651246 0.444839857651246 0.444839857651246 0.444839857651246 0.444839857651246 0.444839857651246 0.444839857651246 0.444839857651246 0.444839857651246 0.444839857651246 0.444839857651246
99 NA 0.798051948051948 0.798051948051948 0.747564935064935 0.747564935064935 0.747564935064935 0.747564935064935 0.747564935064935 0.747564935064935 0.747564935064935 0.747564935064935 0.798051948051948 0.798051948051948 0.798051948051948 0.798051948051948
100 NA 0.629761904761905 0.629761904761905 0.444642857142857 0.444642857142857 0.444642857142857 0.444642857142857 0.444642857142857 0.444642857142857 0.444642857142857 0.444642857142857 0.444642857142857 0.444642857142857 0.444642857142857 0.444642857142857
