"Assay" "rev_nef_1" "rev_nef_2" "rev_nef_3" "rev_nef_4" "rev_nef_5" "rev_nef_6" "rev_nef_7" "rev_nef_8" "rev_nef_9" "rev_nef_10" "rev_nef_11" "rev_nef_12" "rev_nef_13" "rev_nef_14" "rev_nef_15"
1 0.887701393267795 0.910535250165381 0.910535250165381 0.909951914790806 0.909951914790806 0.90970331537167 0.910374257556252 0.910616381109594 0.910561054834023 0.910567633032939 0.910244102675949 0.920551017269323 0.920551017269323 0.920551017269323 0.920306697858138
2 NA 0.459230347872654 0.452527524252388 0.452527524252388 0.453974734203014 0.455115582028684 0.481372094761056 0.481372094761056 0.481372094761056 0.482125585858998 0.482125585858998 0.542360818109363 0.578905141351152 0.588164662695543 0.593960678263435
3 NA 0.541029732004072 0.540671957881184 0.540671957881184 0.540893378111454 0.541143427116115 0.54424184085333 0.54424184085333 0.54424184085333 0.593029062768008 0.593029062768008 0.593029062768008 0.597388371052497 0.548418501325501 0.54988725101775
4 NA 0.541029732004072 0.540671957881184 0.540671957881184 0.540893378111454 0.541143427116115 0.54424184085333 0.54424184085333 0.54424184085333 0.593029062768008 0.593029062768008 0.593029062768008 0.597388371052497 0.548418501325501 0.54988725101775
5 0.90411044486746 0.894066650697237 0.894066650697237 0.906963507388905 0.906963507388905 0.906763771175227 0.918791957348625 0.90547090253625 0.905520979530714 0.878660794484438 0.839767635223957 0.840743705600299 0.84235104664164 0.829544190161412 0.816831031743293
6 0.937928188148004 0.937928188148004 0.937928188148004 0.928346728475399 0.928346728475399 0.928582415020427 0.928582415020427 0.93790421202885 0.937930912463043 0.938018353090964 0.900243772523188 0.872403370214582 0.844685813907036 0.816607046574791 0.797848257217767
7 0.446389796571001 0.418587934089088 0.417955028412403 0.467237918225449 0.457962024611517 0.460283740436247 0.463596582881838 0.478583763166715 0.521063456630209 0.509882149880955 0.674026861179545 0.701647045420115 0.676680009147075 0.681628310639143 0.658403184469204
8 0.228653234781666 0.201729687322489 0.20061497157275 0.468192255918977 0.45893646378016 0.467040856298472 0.469346420304545 0.469346420304545 0.473480336793791 0.490826122262573 0.475318359728757 0.519572268258422 0.453033336699602 0.458623178219253 0.434796119109924
9 0.761342652376175 0.761342652376175 0.761342652376175 0.74496451121451 0.74496451121451 0.728601806869599 0.69633032899188 0.69633032899188 0.696394598564167 0.688293960263583 0.680252860538919 0.664128052433294 0.680032594842161 0.680141653604381 0.680141653604381
10 0.764468318161808 0.764468318161808 0.764468318161808 0.755758932453187 0.755758932453187 0.755929880948653 0.712701440253846 0.747824313882556 0.756321487703632 0.747938464876435 0.784472365500868 0.784212365168861 0.801686234199812 0.792701288496754 0.792701288496754
11 NA NA 0.752309064901476 0.752309064901476 0.752378048268741 0.822604036627654 0.75225478896605 0.75225478896605 0.75225478896605 0.75331874492427 0.754826060702781 0.796312391433653 0.796312391433653 0.797509796427231 0.797779465650226
12 0.836851545827905 0.836990776929186 0.837118835198445 0.837118835198445 0.837118835198445 0.861086367342407 0.860958845119071 0.861108814422956 0.861108814422956 0.861108814422956 0.860747249617794 0.861604445579888 0.862475104676368 0.862623674672346 0.838727624611348
13 0.86565749850911 0.86565749850911 0.865607848867417 0.865607848867417 0.865607848867417 0.865634901287093 0.820724336036429 0.866300945100747 0.866292044229552 0.843849455813429 0.809393288781957 0.786561025364971 0.786561025364971 0.775173807194917 0.763630015717156
14 0.846329937083305 0.846329937083305 0.846329937083305 0.846329937083305 0.846329937083305 0.846274715582184 0.817121811017943 0.847117737429042 0.847387725758297 0.816650558930413 0.801769737390963 0.847072212347534 0.84799417931781 0.833249370976679 0.78781848851152
15 NA NA NA NA NA NA NA NA NA NA NA NA NA NA NA
16 NA NA 0.717731718222149 0.717731718222149 0.700721682075645 0.735861039909229 0.890349593080477 0.890349593080477 0.890349593080477 0.942045146014675 0.942045146014675 0.942045146014675 0.942045146014675 0.960997504120626 0.926737840272231
17 0.604472851178778 0.664095399613142 0.664327363326482 0.706175126100177 0.641503026090329 0.640077499652547 0.640077499652547 0.640219871092427 0.648701850465311 0.649014581850744 0.649014581850744 0.678917561808924 0.713705723831754 0.714833899557548 0.747597438120056
18 0.902368262077035 0.769034548848217 0.768838060472782 0.768838060472782 0.768838060472782 0.769339101991078 0.770207321425126 0.770207321425126 0.770207321425126 0.770207321425126 0.771183107717221 0.771183107717221 0.771183107717221 0.771183107717221 0.771183107717221
19 0.903272212397445 0.903272212397445 0.903272212397445 0.903272212397445 0.903272212397445 0.903272779078853 0.903272779078853 0.869111234803421 0.869111234803421 0.891873035096687 0.891971349782378 0.869517300973867 0.837171074836338 0.837171074836338 0.837659384746855
20 NA 0.139814209475176 0.138302953895062 0.138302953895062 0.136939061334838 0.152331574801104 0.155264687710412 0.155264687710412 0.155264687710412 0.160154065464872 0.169940445151153 0.169940445151153 0.191628611284828 0.198008727129511 0.198008727129511
21 NA 0.577180141184172 0.57727019254896 0.57727019254896 0.577394212050767 0.602518326618525 0.617370357506587 0.617370357506587 0.617370357506587 0.60632492304813 0.60632492304813 0.60632492304813 0.606604741354175 0.606667551546059 0.557932265476895
22 NA 0.570081491783582 0.465670608455058 0.465670608455058 0.465931396009337 0.573498028759051 0.576718318971065 0.576718318971065 0.576718318971065 0.68301144228597 0.68301144228597 0.68301144228597 0.691993293979697 0.693003081849495 0.695330270067392
23 NA 0.460905620147641 0.461133725333458 0.461133725333458 0.461168815213872 0.461293639225112 0.476086364748405 0.476086364748405 0.476086364748405 0.476122672064294 0.476122672064294 0.476122672064294 0.463106712118294 0.463193627154201 0.463609855264549
24 NA 0.610183860352594 0.626772365486946 0.626772365486946 0.626812625689686 0.792021672156296 0.861063779509451 0.861063779509451 0.861063779509451 0.861354575981636 0.861354575981636 0.861354575981636 0.881546516334111 0.881546516334111 0.86088119589656
25 NA 0.463896153018915 0.464982408692996 0.464982408692996 0.465047314063564 0.467684781869145 0.469949876864635 0.469949876864635 0.469949876864635 0.470487845794881 0.470487845794881 0.470487845794881 0.479511198849237 0.480525652524258 0.48286359370054
26 NA NA 0.791842679541578 0.791842679541578 0.800090312455277 0.800544755149005 0.792221412940856 0.792221412940856 0.792221412940856 0.792221412940856 0.792221412940856 0.792221412940856 0.800646634252142 0.800646634252142 0.792347986674173
27 NA 0.731714322950365 0.733154847327115 0.733154847327115 0.733235158128178 0.604961228892887 0.607537843805622 0.607537843805622 0.607537843805622 0.476409190427154 0.476409190427154 0.476409190427154 0.619089703108265 0.488428587971908 0.492273901670285
28 0.949169800220393 0.949169800220393 0.949169800220393 0.949169800220393 0.949169800220393 0.937628470195103 0.937628470195103 0.915702480255162 0.937979796357407 0.93805871585883 0.949705263991872 0.94961989903747 0.949784183493294 0.949784183493294 0.938056384563522
29 NA NA 0.798120363206806 0.798120363206806 0.798290154439173 0.797825595648549 0.757098969125117 0.757098969125117 0.757098969125117 0.758337024033057 0.758337024033057 0.758337024033057 0.758337024033057 0.758960609661415 0.759205449059181
30 0.946232207388382 0.946824284193075 0.946824284193075 0.946824284193075 0.946824284193075 0.946824284193075 0.946824284193075 0.946824284193075 0.946824284193075 0.946824284193075 0.94681716800777 0.94681716800777 0.946881321496505 0.946881321496505 0.946881321496505
31 0.898670726916295 0.898670726916295 0.898670726916295 0.898670726916295 0.898670726916295 0.907221469231105 0.907297089131644 0.898875966844972 0.898875966844972 0.898875966844972 0.907290424537947 0.907290424537947 0.907290424537947 0.907290424537947 0.907290424537947
32 NA 0.476620935452236 0.476731509508556 0.476731509508556 0.486828802448653 0.466757036505316 0.487338302702457 0.487338302702457 0.487338302702457 0.487364049732587 0.487364049732587 0.487364049732587 0.47812390384761 0.488311383595761 0.488311383595761
33 NA 0.652145238647604 0.653059730960361 0.653059730960361 0.652617770428981 0.566918787286135 0.568037933332634 0.568037933332634 0.568037933332634 0.569079173986864 0.569079173986864 0.569079173986864 0.57602984639261 0.586490423764258 0.587150142062486
34 NA 0.555094781200401 0.529016459224969 0.529016459224969 0.555159485143098 0.584160708536886 0.643530706691845 0.643530706691845 0.643530706691845 0.617578665863113 0.617578665863113 0.617578665863113 0.620294098049074 0.620432874109788 0.565158006388921
35 0.903641659909345 0.903641659909345 0.903641659909345 0.903641659909345 0.903641659909345 0.912378787278445 0.912378787278445 0.903909986725773 0.903987396643005 0.903987396643005 0.903987396643005 0.903987396643005 0.903987396643005 0.903909986725773 0.903909986725773
36 0.896425871366003 0.896425871366003 0.896425871366003 0.896425871366003 0.896425871366003 0.905499198318442 0.905499198318442 0.905516270564316 0.905516270564316 0.905516270564316 0.905516270564316 0.905516270564316 0.914269759221425 0.914269759221425 0.914269759221425
37 NA 0.635255780066345 0.635468103844153 0.635468103844153 0.63565381010139 0.670239534042615 0.645948123258758 0.645948123258758 0.645948123258758 0.645948123258758 0.645948123258758 0.645948123258758 0.650312696834249 0.650312696834249 0.645108182166522
38 NA 0.727496291494485 0.727849497731533 0.727849497731533 0.727870602322514 0.694434690066617 0.660470325777916 0.660470325777916 0.660470325777916 0.835267479768787 0.835267479768787 0.835267479768787 0.695557386954038 0.695596193454991 0.695868932765852
39 0.919795523646973 0.919795523646973 0.919795523646973 0.919795523646973 0.919795523646973 0.920030562072065 0.920030562072065 0.920105284363006 0.920105284363006 0.920105284363006 0.920105284363006 0.920105284363006 0.928858938077031 0.928858938077031 0.928858938077031
40 0.848309436678992 0.848309436678992 0.848309436678992 0.848309436678992 0.848309436678992 0.848380285932238 0.857751549008526 0.857751549008526 0.857751549008526 0.857751549008526 0.867116892220538 0.867116892220538 0.867116892220538 0.867116892220538 0.867136953352348
41 0.968560249066424 0.968560249066424 0.968560249066424 0.968560249066424 0.968560249066424 0.968560249066424 0.968560249066424 0.869445043550222 0.906064971721046 0.872962060029536 0.840087071483271 0.840087071483271 0.84149354174531 0.841748971217746 0.841748971217746
42 NA NA 0.842023412919159 0.842023412919159 0.842067853157124 0.792479383310675 0.826435707728019 0.826435707728019 0.826435707728019 0.826435707728019 0.826435707728019 0.826435707728019 0.843204671548351 0.860122570887464 0.877027610858436
43 NA NA 0.687699445741939 0.687699445741939 0.687822662950096 0.641676499887293 0.598552375569694 0.598552375569694 0.598552375569694 0.598552375569694 0.598552375569694 0.598552375569694 0.602507794456301 0.512350551687036 0.512643855269015
44 NA 0.741832285448092 0.726504135934729 0.726504135934729 0.742011572880255 0.681855194393225 0.607781618088408 0.607781618088408 0.607781618088408 0.742907089615275 0.742907089615275 0.742907089615275 0.727235497974896 0.681077363167548 0.696697187496659
45 NA 0.626687021768337 0.62667022929311 0.62667022929311 0.626857306194006 0.627217724366236 0.559787455354083 0.559787455354083 0.559787455354083 0.583203668459859 0.583203668459859 0.583203668459859 0.541541139879296 0.564382329925286 0.544346362407075
46 NA 0.493898803107173 0.505547579763149 0.505547579763149 0.50556246393845 0.505661960503735 0.505882885647266 0.505882885647266 0.505882885647266 0.506114285055946 0.506114285055946 0.506114285055946 0.506114285055946 0.506471695809542 0.506471695809542
47 NA 0.882126242625839 0.88224270187366 0.88224270187366 0.88224270187366 0.882656956409771 0.881805161491511 0.881805161491511 0.881805161491511 0.88301864547566 0.88301864547566 0.88301864547566 0.882839605064954 0.882970031443103 0.882970031443103
48 0.948929742162665 0.949537178186874 0.949537178186874 0.949537178186874 0.949537178186874 0.949545601843246 0.949545601843246 0.949699250270521 0.949754795189793 0.949754795189793 0.949754795189793 0.949754795189793 0.949754795189793 0.949754795189793 0.949754795189793
49 NA NA 0.465480693689479 0.465480693689479 0.465480693689479 0.465983121301232 0.465983121301232 0.465983121301232 0.465983121301232 0.482556990385352 0.482556990385352 0.482556990385352 0.482556990385352 0.482556990385352 0.482556990385352
50 NA NA 0.878900031731892 0.878900031731892 0.878900031731892 0.615978709157457 0.490254923642559 0.490254923642559 0.490254923642559 0.490254923642559 0.490254923642559 0.490254923642559 0.499327747965537 0.502891097054132 0.504072002035593
51 0.855407161046327 0.855407161046327 0.855407161046327 0.855407161046327 0.855407161046327 0.864059885557068 0.864059885557068 0.864059885557068 0.864059885557068 0.864059885557068 0.864059885557068 0.864059885557068 0.872904231398226 0.872904231398226 0.872904231398226
52 0.921998076857629 0.930811358272792 0.93085795862229 0.93085795862229 0.93085795862229 0.930811358272792 0.930811358272792 0.930811358272792 0.939498922977015 0.939498922977015 0.939498922977015 0.939498922977015 0.939498922977015 0.939498922977015 0.939498922977015
53 NA 0.571227120918223 0.571080640666287 0.582305176400724 0.581392208682829 0.58288028307811 0.585021978494447 0.585021978494447 0.585021978494447 0.587931954011661 0.587931954011661 0.605481245385896 0.605481245385896 0.608175203735245 0.610361881467823
54 NA NA 0.579871382952507 0.579871382952507 0.579860726629951 0.640229529456121 0.691343381211205 0.691343381211205 0.691343381211205 0.691343381211205 0.691343381211205 0.691343381211205 0.700997503153538 0.710375363381056 0.726479094694719
55 NA 0.865916491740463 0.865853884029714 0.865853884029714 0.865853884029714 0.880677991653823 0.895239837670749 0.895239837670749 0.895239837670749 0.90970482784259 0.90970482784259 0.90970482784259 0.89540959323244 0.89540959323244 0.89540959323244
56 NA 0.66392848408879 0.65553378166202 0.65553378166202 0.664026673673942 0.73261680188581 0.701165545450406 0.701165545450406 0.701165545450406 0.709762774357779 0.709762774357779 0.709762774357779 0.709762774357779 0.689868617002313 0.655952842694501
57 NA 0.758770102113014 0.760468600965405 0.760468600965405 0.760754958349078 0.761603030291046 0.761603030291046 0.761603030291046 0.761603030291046 0.761603030291046 0.761603030291046 0.761603030291046 0.640004703737934 0.640004703737934 0.640004703737934
58 NA NA 0.621921559199331 0.621921559199331 0.621921559199331 0.621921559199331 0.596506564527646 0.596506564527646 0.596506564527646 0.597172171576501 0.597172171576501 0.597172171576501 0.597172171576501 0.598213695991779 0.598667019856645
59 NA 0.35001905367348 0.35346371640464 0.35346371640464 0.354524538595761 0.355116032698112 0.35908795023598 0.35908795023598 0.35908795023598 0.35908795023598 0.35908795023598 0.35908795023598 0.35908795023598 0.364014927680288 0.366104418290129
60 NA 0.646948869071776 0.611558235126122 0.611558235126122 0.647438771435164 0.647621334180106 0.612057592744326 0.612057592744326 0.612057592744326 0.612057592744326 0.612057592744326 0.612057592744326 0.631641853206561 0.668787740051954 0.668799293248674
61 0.914948178666879 0.926863606265703 0.926863606265703 0.926863606265703 0.926863606265703 0.926863606265703 0.926863606265703 0.926863606265703 0.926816778458298 0.926872799771168 0.926872799771168 0.926904594576931 0.927337524033718 0.927337524033718 0.927337524033718
62 NA 0.548223542407369 0.548640259046554 0.548640259046554 0.5487203020053 0.516545076310552 0.582928937927637 0.582928937927637 0.582928937927637 0.614721363276741 0.614721363276741 0.585664650435203 0.588884232995167 0.588884232995167 0.590596444841921
63 0.897592922608334 0.897756716520447 0.897756716520447 0.897756716520447 0.897756716520447 0.897745768403918 0.897745768403918 0.897745768403918 0.897745768403918 0.897745768403918 0.897745768403918 0.897745768403918 0.897745768403918 0.897745768403918 0.897745768403918
64 0.837288691839903 0.837288691839903 0.837288691839903 0.837288691839903 0.837288691839903 0.837288691839903 0.846693169934511 0.882827510263099 0.846915547633069 0.846915547633069 0.855769509903944 0.855769509903944 0.855769509903944 0.855769509903944 0.855853974693904
65 NA 0.721350791571312 0.729968252735265 0.729968252735265 0.729968252735265 0.747355256815362 0.747355256815362 0.747355256815362 0.747355256815362 0.72995280384877 0.72995280384877 0.72995280384877 0.72995280384877 0.704263152921954 0.712983509111796
66 NA NA 0.624141380703099 0.624141380703099 0.624141380703099 0.494730982636227 0.50101899946887 0.50101899946887 0.50101899946887 0.50101899946887 0.50101899946887 0.50101899946887 0.511831185198717 0.511831185198717 0.517526448841271
67 NA 0.621376003591534 0.621998143198134 0.621998143198134 0.62178872044511 0.62178872044511 0.62311092311898 0.62311092311898 0.62311092311898 0.538783421357343 0.538783421357343 0.538783421357343 0.626992630174266 0.585675284148595 0.759817678119837
68 NA NA 0.830939375853644 0.830939375853644 0.830927244119823 0.830927244119823 0.685816376613717 0.685816376613717 0.685816376613717 0.685816376613717 0.685816376613717 0.685816376613717 0.685816376613717 0.795749288048356 0.795749288048356
69 NA 0.887813929392537 0.887735314068729 0.887735314068729 0.887735314068729 0.919164082257935 0.919164082257935 0.919164082257935 0.919164082257935 0.908641198500551 0.908641198500551 0.908641198500551 0.9191269595015 0.919185831234441 0.919185831234441
70 NA 0.725115854480462 0.715579111439539 0.715579111439539 0.715550596317411 0.715550596317411 0.724815484060154 0.724815484060154 0.724815484060154 0.734352125360848 0.734352125360848 0.734352125360848 0.725168956926845 0.743409114607813 0.76218600052802
71 NA 0.594929572413891 0.598934407824345 0.639583264707042 0.62847371032383 0.646663446225243 0.652263419484375 0.652263419484375 0.652263419484375 0.652263419484375 0.652263419484375 0.716747745461101 0.716747745461101 0.747691422912588 0.747691422912588
72 NA NA 0.867088266919797 0.867088266919797 0.866994712243631 0.869112508521529 0.869112508521529 0.869112508521529 0.869112508521529 0.871661604706163 0.871661604706163 0.871661604706163 0.87563001640799 0.87563001640799 0.825690341485644
73 0.935122224910401 0.955602706257079 0.955602706257079 0.955602706257079 0.945924178875027 0.955839164839014 0.955839164839014 0.955839164839014 0.945934346453401 0.945934346453401 0.945934346453401 0.955612873835453 0.955612873835453 0.955618330859556 0.955618330859556
74 0.950374371342574 0.950889475628137 0.950889475628137 0.950889475628137 0.950889475628137 0.950889475628137 0.950889475628137 0.951063215092783 0.951063215092783 0.951063215092783 0.951063215092783 0.951007825504369 0.951063215092783 0.951063215092783 0.951063215092783
75 0.927418123212429 0.936642335918781 0.936642335918781 0.936642335918781 0.936642335918781 0.936618810247902 0.936618810247902 0.936618810247902 0.936721982445779 0.936721982445779 0.936721982445779 0.936721982445779 0.936721982445779 0.936721982445779 0.936721982445779
76 NA 0.490722338013588 0.490674217326573 0.510514385345641 0.510133119911281 0.51205163577659 0.344801503878326 0.344801503878326 0.344801503878326 0.349704348991076 0.349704348991076 0.379173733752138 0.379173733752138 0.383553138810798 0.385927294823567
77 NA NA 0.888557913678597 0.888557913678597 0.888524472998555 0.910580268319284 0.910580268319284 0.910580268319284 0.910580268319284 0.889846026790286 0.889846026790286 0.889846026790286 0.889846026790286 0.808206528567243 0.808206528567243
78 NA 0.685933891641185 0.68605909391074 0.698204058948008 0.697967430747741 0.80572937739223 0.915069903478662 0.915069903478662 0.915069903478662 0.918112800396829 0.918112800396829 0.936402650067286 0.936402650067286 0.939120679670495 0.940594173498745
79 NA 0.841864108333402 0.822642406674263 0.822642406674263 0.81302822765145 0.841645990554553 0.851354714005455 0.851354714005455 0.851354714005455 0.822552300612793 0.822552300612793 0.822552300612793 0.832078530055717 0.841693994458813 0.841693994458813
80 NA 0.633276951339925 0.63343291601365 0.647813104869485 0.647396958540763 0.648382832484007 0.648586058451305 0.648586058451305 0.648586058451305 0.654128201043326 0.654128201043326 0.929697943821935 0.929697943821935 0.932568817444088 0.933060195329721
81 NA 0.767125725607218 0.767282330948924 0.915022892775613 0.914605037010888 0.915594960703695 0.915799021477795 0.915799021477795 0.915799021477795 0.921363929951497 0.921363929951497 0.931463046827727 0.931463046827727 0.934345713356345 0.80712316811357
82 NA 0.539247147709945 0.539293295837079 0.464986340594362 0.464863207751357 0.465154916347823 0.465215048540273 0.465215048540273 0.465215048540273 0.466854903866618 0.466854903866618 0.469830890026882 0.469830890026882 0.470680348033851 0.470825741016732
83 NA 0.551945043691407 0.552242904936936 0.579706181467778 0.578911425444922 0.580794246943254 0.581182367780478 0.581182367780478 0.581182367780478 0.591766748563229 0.591766748563229 0.610975132509285 0.610975132509285 0.616457925326591 0.617396358534219
84 NA 0.746125420184302 0.677875683445839 0.753607234721351 0.821723054954002 0.822230488092023 0.822335089284721 0.822335089284721 0.822335089284721 0.825187651547981 0.825187651547981 0.830364441036889 0.830364441036889 0.763512078452173 0.763764992553585
85 NA 0.572335796368994 0.572441630933316 0.582199744652785 0.581917355927552 0.582586350622106 0.582724255771998 0.582724255771998 0.582724255771998 0.58648504488295 0.58648504488295 0.593310071558203 0.593310071558203 0.50517259582695 0.505506035209097
86 NA 0.551830123985675 0.552127326263105 0.832506213504794 0.831713215746476 0.833591871817712 0.833979134002614 0.833979134002614 0.833979134002614 0.844540098616305 0.844540098616305 0.86370598723126 0.86370598723126 0.869176650288104 0.870113007369496
87 NA 0.705418275448939 0.705545061280819 0.933073229589656 0.932734938506097 0.933536369016216 0.933701574204727 0.933701574204727 0.933701574204727 0.938206858267778 0.938206858267778 0.946382983810254 0.946382983810254 0.951586696320807 0.952084822347332
88 NA 0.555451017341534 0.566166441810418 0.556622929066024 0.827050006191649 0.827100267366708 0.82702759851802 0.82702759851802 0.82702759851802 0.827100267366708 0.827100267366708 0.827100267366708 0.827100267366708 0.827100267366708 0.827100267366708
89 NA 0.589930918104389 0.600070716906342 0.591039875489558 0.806428183789859 0.806475744967125 0.806406979841955 0.806406979841955 0.806406979841955 0.806475744967125 0.806475744967125 0.806475744967125 0.806475744967125 0.806475744967125 0.806475744967125
90 NA 0.785487670507109 0.785541765999715 0.928666498906825 0.928522160832627 0.928864105808584 0.928934593621938 0.928934593621938 0.928934593621938 0.838765493292218 0.838765493292218 0.842253986700874 0.842253986700874 0.93656560788301 0.890391104744874
91 NA 0.669295205771506 0.669241048462608 0.696216648987842 0.696216648987842 0.668698542687984 0.774046560667392 0.774046560667392 0.774046560667392 0.747725053277781 0.747725053277781 0.750289934189843 0.750289934189843 0.722239331228842 0.829325782186048
92 NA 0.299480855066498 0.29977713077701 0.327094218479117 0.326303692994885 0.328176492110446 0.328562546954906 0.328562546954906 0.328562546954906 0.339090586382037 0.339090586382037 0.610384404574036 0.610384404574036 0.615838012124272 0.616771449990164
93 NA 0.735260213594527 0.735300869892667 0.739049444691516 0.738940965195446 0.739197959192919 0.740397582103424 0.740397582103424 0.740397582103424 0.741864967510421 0.741864967510421 0.74414652163715 0.74414652163715 0.745057307254164 0.743085925505052
94 NA 0.704748118773219 0.704874490978944 0.716526207621261 0.716189020178689 0.716987836101544 0.717152502324573 0.717152502324573 0.717152502324573 0.829210170179952 0.829210170179952 0.837359621926721 0.837359621926721 0.83968578094289 0.629456851914271
95 NA 0.662636511038728 0.662742485776599 0.582308614850547 0.582025852113004 0.582695732863652 0.582833820663272 0.582833820663272 0.582833820663272 0.586599590785491 0.586599590785491 0.59343365692926 0.59343365692926 0.595384355586226 0.595718236595188
96 NA 0.181155381514824 0.181694749391166 0.23142531811122 0.229986171949402 0.233395589751581 0.234098399918663 0.234098399918663 0.234098399918663 0.253264622684716 0.253264622684716 0.288047211599689 0.288047211599689 0.297975466324599 0.299674783486146
97 NA NA 0.781688891953049 0.781688891953049 0.781688891953049 0.781688891953049 0.82985718363853 0.82985718363853 0.82985718363853 0.829895432648572 0.829895432648572 0.829895432648572 0.829871479792843 0.841784698188552 0.841784698188552
98 NA 0.519241599807012 0.519192827709291 0.363871424592818 0.363423236694946 0.364794442316757 0.364601941611716 0.364601941611716 0.364601941611716 0.371982162683442 0.371982162683442 0.385287465950222 0.385287465950222 0.389241232235124 0.389919374047272
99 NA 0.766510481286657 0.766496422207479 0.721723365346855 0.721594170388317 0.721989435084883 0.72193394469631 0.72193394469631 0.72193394469631 0.724061372411089 0.724061372411089 0.772340050833536 0.772340050833536 0.771729621235979 0.77228424653858
100 NA 0.519145203709991 0.519096487360725 0.363952622810493 0.363504947209286 0.364874585488315 0.364682304819267 0.364682304819267 0.364682304819267 0.372054090003591 0.372054090003591 0.385344184777415 0.385344184777415 0.389293431749566 0.389970798418543
