"Assay" "rocauc_1" "rocauc_2" "rocauc_3" "rocauc_4" "rocauc_5" "rocauc_6" "rocauc_7" "rocauc_8" "rocauc_9" "rocauc_10" "rocauc_11" "rocauc_12" "rocauc_13" "rocauc_14" "rocauc_15"
1 0.962360853432282 0.971080705009276 0.97149814471243 0.96878478664193 0.96876159554731 0.968205009276438 0.966280148423006 0.971892393320965 0.966488868274583 0.966280148423006 0.966628014842301 0.967555658627087 0.967578849721707 0.968205009276438 0.969642857142857
2 NA 0.969249692496925 0.966789667896679 0.966789667896679 0.970479704797048 0.968019680196802 0.971709717097171 0.971709717097171 0.971709717097171 0.97539975399754 0.97539975399754 0.988929889298893 0.991389913899139 0.992619926199262 0.992619926199262
3 NA 0.635683518476536 0.640784402629789 0.640784402629789 0.655066878258898 0.666288823396055 0.675697120834278 0.675697120834278 0.675697120834278 0.681591475855815 0.681591475855815 0.681591475855815 0.690319655406937 0.692586715030605 0.685332124234867
4 NA 0.635683518476536 0.640784402629789 0.640784402629789 0.655066878258898 0.666288823396055 0.675697120834278 0.675697120834278 0.675697120834278 0.681591475855815 0.681591475855815 0.681591475855815 0.690319655406937 0.692586715030605 0.685332124234867
5 0.966532797858099 0.968992248062016 0.969085644905202 0.972167740730363 0.972167740730363 0.972728121789484 0.971763021076554 0.970517729834065 0.971171507736372 0.968992248062015 0.953114784720276 0.948133619750319 0.857632078702407 0.828616792752405 0.790230690202671
6 0.978226555246054 0.978226555246054 0.978435468895079 0.975162488393686 0.975232126276695 0.971796657381616 0.971796657381616 0.977390900649954 0.97625348189415 0.974930362116992 0.963091922005571 0.94066852367688 0.891991643454039 0.845891364902507 0.798467966573816
7 0.901426718547341 0.835278858625162 0.846303501945525 0.859273670557717 0.876783398184176 0.878728923476005 0.894941634241245 0.911154345006485 0.929312581063554 0.93579766536965 0.955901426718547 0.958495460440986 0.962386511024643 0.964332036316472 0.968871595330739
8 0.707349081364829 0.7749343832021 0.743438320209974 0.763123359580053 0.77755905511811 0.800524934383202 0.818897637795276 0.818897637795276 0.826115485564304 0.847112860892388 0.85498687664042 0.86745406824147 0.874671916010499 0.886482939632546 0.891076115485564
9 0.896576349506406 0.896576349506406 0.896996429321571 0.886389413988658 0.887061541692922 0.870825456836799 0.737639151438773 0.737639151438773 0.737576139466499 0.707960512497374 0.667611846250788 0.658517118252468 0.670804452846041 0.659231253938248 0.659231253938248
10 0.916579211789662 0.916579211789662 0.916244278218153 0.907156413977894 0.908027241263816 0.897354024785084 0.761036061181199 0.845908228201407 0.846779055487328 0.808529641621078 0.934933571508318 0.936273305794351 0.936898515127833 0.937501395556548 0.937501395556548
11 NA NA 0.894164364640884 0.894164364640884 0.895545580110497 0.903314917127072 0.882424033149171 0.882424033149171 0.882424033149171 0.879488950276243 0.865245165745856 0.858425414364641 0.858425414364641 0.855749309392265 0.856180939226519
12 0.907178217821782 0.898396982555398 0.911185761433286 0.911185761433286 0.912423385195662 0.915546911834041 0.91041961338991 0.912246581801037 0.912246581801037 0.910360678925035 0.909064120697784 0.921086751532296 0.917786421499293 0.914780763790665 0.917904290429043
13 0.9349828426946 0.9349828426946 0.936006260911444 0.936006260911444 0.936788874841972 0.926464391066161 0.860544217687075 0.914514478357715 0.909006080308229 0.882126301848173 0.8276744326049 0.779543675877431 0.779543675877431 0.736229004876287 0.711817470350972
14 0.903502415458937 0.903502415458937 0.90450885668277 0.90450885668277 0.905072463768116 0.905555555555556 0.867471819645733 0.902898550724638 0.901811594202898 0.886191626409018 0.836553945249597 0.908212560386473 0.906884057971014 0.880756843800322 0.783011272141707
15 NA NA NA NA NA NA NA NA NA NA NA NA NA NA NA
16 NA NA 0.90017825311943 0.90017825311943 0.901827094474153 0.924153297682709 0.974509803921569 0.974509803921569 0.974509803921569 0.976292335115865 0.976292335115865 0.976292335115865 0.976292335115865 0.963992869875223 0.969652406417112
17 0.769028648923546 0.803271740973046 0.797084251568062 0.808526868960841 0.78479403288693 0.779877945414477 0.779877945414477 0.786404475334803 0.789794880488218 0.800644176979149 0.800644176979149 0.854975419562638 0.868282759789795 0.871079844041363 0.872436006102729
18 0.975419664268585 0.933693045563549 0.934532374100719 0.934532374100719 0.934532374100719 0.871342925659472 0.793525179856115 0.793525179856115 0.793525179856115 0.791606714628297 0.785491606714628 0.785491606714628 0.785491606714628 0.782494004796163 0.779496402877698
19 0.978351145038168 0.978351145038168 0.978320610687023 0.978320610687023 0.978381679389313 0.978167938931298 0.978167938931298 0.978931297709924 0.978351145038168 0.978625954198473 0.977923664122137 0.973404580152672 0.930290076335878 0.930290076335878 0.802381679389313
20 NA 0.554285714285714 0.598571428571429 0.598571428571429 0.637142857142857 0.568571428571429 0.557142857142857 0.557142857142857 0.557142857142857 0.757142857142857 0.814285714285714 0.814285714285714 0.781428571428571 0.832857142857143 0.832857142857143
21 NA 0.662454991816694 0.659378068739771 0.659378068739771 0.658330605564648 0.823076923076923 0.70847790507365 0.70847790507365 0.70847790507365 0.666743044189853 0.666743044189853 0.666743044189853 0.638036006546645 0.621963993453355 0.586415711947627
22 NA 0.786899563318777 0.777583697234352 0.777583697234352 0.780786026200873 0.781659388646288 0.799708879184862 0.799708879184862 0.799708879184862 0.807860262008734 0.807860262008734 0.807860262008734 0.813391557496361 0.822416302765648 0.82037845705968
23 NA 0.551026034897003 0.539131119776281 0.539131119776281 0.521603844184489 0.539446216865572 0.57670644767419 0.57670644767419 0.57670644767419 0.577100319035803 0.577100319035803 0.577100319035803 0.576194414904092 0.584977746268069 0.583165938004648
24 NA 0.740008980691513 0.739739559946116 0.739739559946116 0.750426582846879 0.879434216434665 0.890570273911091 0.890570273911091 0.890570273911091 0.891109115401886 0.891109115401886 0.891109115401886 0.89380332285586 0.895644364616075 0.895734171531208
25 NA 0.77046783625731 0.756140350877193 0.756140350877193 0.744444444444444 0.751169590643275 0.749707602339181 0.749707602339181 0.749707602339181 0.757602339181286 0.757602339181286 0.757602339181286 0.771052631578947 0.764035087719298 0.769298245614035
26 NA NA 0.943876101165104 0.943876101165104 0.940489722459032 0.946883584351615 0.944823339964005 0.944823339964005 0.944823339964005 0.944823339964005 0.944823339964005 0.944823339964005 0.952140759685517 0.952140759685517 0.948304442549967
27 NA 0.847587719298246 0.85124269005848 0.85124269005848 0.861476608187134 0.855263157894737 0.837719298245614 0.837719298245614 0.837719298245614 0.835891812865497 0.835891812865497 0.835891812865497 0.886695906432749 0.83406432748538 0.821271929824561
28 0.975376065919325 0.975376065919325 0.97572738015394 0.97572738015394 0.976206445019322 0.987959503050046 0.987959503050046 0.967072274919357 0.989652198907732 0.989492510619271 0.988662131519274 0.988087253680815 0.988566318546198 0.988566318546198 0.990482578007729
29 NA NA 0.880608974358974 0.880608974358974 0.881639194139194 0.825549450549451 0.79029304029304 0.79029304029304 0.79029304029304 0.84581043956044 0.84581043956044 0.84581043956044 0.84581043956044 0.826465201465202 0.797847985347985
30 0.980951585279251 0.98504532353064 0.984920005012741 0.984920005012741 0.984920005012741 0.984920005012741 0.984920005012741 0.984920005012741 0.984961777852041 0.98529596056644 0.985671916120139 0.985504824762939 0.986173190191737 0.986173190191737 0.986173190191737
31 0.969340880193593 0.969340880193593 0.96964849678028 0.96964849678028 0.970058652229195 0.980968787170338 0.978692424428859 0.978610393339076 0.97873343997375 0.978979533243099 0.979533243099135 0.979758828596038 0.979779336368484 0.979779336368484 0.979799844140929
32 NA 0.550094243874148 0.538089024213426 0.538089024213426 0.524285921415108 0.546672466289691 0.579672321299116 0.579672321299116 0.579672321299116 0.580310279831811 0.580310279831811 0.580310279831811 0.575554588951718 0.573698709583877 0.573698709583877
33 NA 0.773175542406312 0.782790927021696 0.782790927021696 0.792159763313609 0.721400394477318 0.710059171597633 0.710059171597633 0.710059171597633 0.715729783037475 0.715729783037475 0.715729783037475 0.680719921104536 0.63387573964497 0.631163708086785
34 NA 0.595490238455443 0.590519415027736 0.590519415027736 0.601757798429508 0.842590591455947 0.697139975506087 0.697139975506087 0.697139975506087 0.643253367912975 0.643253367912975 0.643253367912975 0.605720048987825 0.586701246307903 0.461205964988113
35 0.952360876897133 0.952360876897133 0.952380039858961 0.952380039858961 0.952954928713782 0.971523838724513 0.971523838724513 0.967097194542389 0.967173846389698 0.967365476007972 0.967365476007972 0.967250498237007 0.967557105626246 0.967576268588073 0.9675954315499
36 0.9417103311913 0.9417103311913 0.940761245674741 0.940761245674741 0.940741473059812 0.971586752347998 0.971586752347998 0.967711319822047 0.967118141374197 0.967118141374197 0.967118141374197 0.96707859614434 0.967118141374197 0.967118141374197 0.967770637666831
37 NA 0.723146747352496 0.701126239704152 0.701126239704152 0.706253151790217 0.889645318540931 0.774836106908724 0.774836106908724 0.774836106908724 0.774836106908724 0.774836106908724 0.774836106908724 0.738863674567154 0.738863674567154 0.684568835098336
38 NA 0.831854229607251 0.827133685800604 0.827133685800604 0.8360083081571 0.825151057401813 0.797960725075529 0.797960725075529 0.797960725075529 0.907382930513595 0.907382930513595 0.907382930513595 0.862254531722054 0.844882930513595 0.832703927492447
39 0.919850868081318 0.919850868081318 0.918088737201365 0.918088737201365 0.917810506009794 0.958599198694168 0.958599198694168 0.95019661670871 0.949232081911263 0.949621605579463 0.949621605579463 0.949213533165158 0.948619973289806 0.948619973289806 0.95101276153732
40 0.969927613370236 0.969927613370236 0.968596976793698 0.968596976793698 0.968543751330637 0.97248243559719 0.972642111986374 0.972642111986374 0.966414732808175 0.966042154566745 0.967053438364914 0.966946987438791 0.967080051096444 0.967665531190121 0.968384074941452
41 0.981433544586272 0.981433544586272 0.981433544586272 0.981433544586272 0.981433544586272 0.981433544586272 0.981433544586272 0.961081853075069 0.971346960635544 0.94563956083192 0.876193876640186 0.876193876640186 0.854860305275373 0.837097206105507 0.837097206105507
42 NA NA 0.93282554831605 0.93282554831605 0.935349178673029 0.893869872441956 0.943333027438745 0.943333027438745 0.943333027438745 0.943333027438745 0.943333027438745 0.943333027438745 0.93282554831605 0.943378911627053 0.933651463705607
43 NA NA 0.836978381096028 0.836978381096028 0.842634489693313 0.767848164906988 0.693061840120664 0.693061840120664 0.693061840120664 0.693061840120664 0.693061840120664 0.693061840120664 0.688662644544997 0.64429361488185 0.631850175967823
44 NA 0.840081853012888 0.826236502960641 0.826236502960641 0.830590386624869 0.87251828631139 0.794714385231627 0.794714385231627 0.794714385231627 0.885884709160571 0.885884709160571 0.885884709160571 0.882445141065831 0.876785092302334 0.880355276907001
45 NA 0.772407407407407 0.775246913580247 0.775246913580247 0.775617283950617 0.775 0.739320987654321 0.739320987654321 0.739320987654321 0.758024691358025 0.758024691358025 0.758024691358025 0.743333333333333 0.715493827160494 0.682654320987654
46 NA 0.5270473574045 0.507914704343276 0.507914704343276 0.497056514913658 0.51455389848247 0.548240450026164 0.548240450026164 0.548240450026164 0.548076923076923 0.548076923076923 0.548076923076923 0.548076923076923 0.557103610675039 0.557103610675039
47 NA 0.95969278399619 0.961240771612289 0.961240771612289 0.961300309597523 0.956715884734461 0.939688020957371 0.939688020957371 0.939688020957371 0.958323410335794 0.958323410335794 0.958323410335794 0.958085258394856 0.941652774470112 0.941652774470112
48 0.926337191116672 0.93984985924304 0.943181107288083 0.943181107288083 0.943321864247732 0.94416640600563 0.94416640600563 0.933453237410072 0.931889271191742 0.932358461057241 0.932358461057241 0.932561776665624 0.932514857679074 0.932374100719425 0.932452299030341
49 NA NA 0.48839252682205 0.48839252682205 0.467998520162782 0.506659267480577 0.506659267480577 0.506659267480577 0.506659267480577 0.51590825009249 0.51590825009249 0.51590825009249 0.51590825009249 0.51590825009249 0.51590825009249
50 NA NA 0.940225563909774 0.940225563909774 0.942481203007519 0.918045112781955 0.789473684210526 0.789473684210526 0.789473684210526 0.789473684210526 0.789473684210526 0.789473684210526 0.775187969924812 0.707518796992481 0.683082706766917
51 0.887148309221621 0.887148309221621 0.884707553030975 0.884707553030975 0.88495162865004 0.923160557379959 0.926422295198367 0.926422295198367 0.919410668323422 0.920031951717405 0.920031951717405 0.920852933345167 0.922051122747848 0.922051122747848 0.921585160202361
52 0.96338414566694 0.972919754861833 0.976371158653953 0.976371158653953 0.976636651253346 0.975309188256377 0.975508307705923 0.975508307705923 0.975043695656984 0.975375561406226 0.975375561406226 0.975751675922034 0.975751675922034 0.975751675922034 0.975818049071882
53 NA 0.809146341463415 0.827134146341463 0.821951219512195 0.83109756097561 0.846951219512195 0.85609756097561 0.85609756097561 0.85609756097561 0.855792682926829 0.855792682926829 0.864024390243902 0.864024390243902 0.867073170731707 0.86859756097561
54 NA NA 0.773639455782313 0.773639455782313 0.781851311953353 0.844849368318756 0.864018464528669 0.864018464528669 0.864018464528669 0.864018464528669 0.864018464528669 0.864018464528669 0.828449951409135 0.768391642371234 0.84477648202138
55 NA 0.967399859160764 0.969678140922083 0.969678140922083 0.969802410836337 0.969388177788824 0.969015368046063 0.969015368046063 0.969015368046063 0.966115736713475 0.966115736713475 0.966115736713475 0.965660080361211 0.965080154094694 0.965080154094694
56 NA 0.74151718707709 0.733348096749588 0.733348096749588 0.745429492384538 0.827218818434586 0.788120371053862 0.788120371053862 0.788120371053862 0.776383455131517 0.776383455131517 0.776383455131517 0.776383455131517 0.825767082502891 0.834133018380453
57 NA 0.937212863705972 0.94104134762634 0.94104134762634 0.945252679938744 0.93989280245023 0.93989280245023 0.93989280245023 0.93989280245023 0.93989280245023 0.93989280245023 0.93989280245023 0.888591117917305 0.888591117917305 0.888591117917305
58 NA NA 0.598744113029827 0.598744113029827 0.602668759811617 0.602668759811617 0.588383045525903 0.588383045525903 0.588383045525903 0.58320251177394 0.58320251177394 0.58320251177394 0.58320251177394 0.578257456828885 0.581868131868132
59 NA 0.536187563710499 0.580020387359837 0.580020387359837 0.612130479102956 0.566768603465851 0.534658511722732 0.534658511722732 0.534658511722732 0.534658511722732 0.534658511722732 0.534658511722732 0.534658511722732 0.482161060142712 0.482670744138634
60 NA 0.777703225806452 0.768877419354839 0.768877419354839 0.781935483870968 0.768774193548387 0.748954838709677 0.748954838709677 0.748954838709677 0.748954838709677 0.748954838709677 0.748954838709677 0.757109677419355 0.756645161290323 0.754374193548387
61 0.964966546750496 0.972766701408735 0.97572538076186 0.97572538076186 0.976027972968429 0.976027972968429 0.976027972968429 0.976027972968429 0.975321924486434 0.975859866187002 0.975859866187002 0.976465050600141 0.977540934001278 0.977540934001278 0.977540934001278
62 NA 0.739074313110824 0.721279734464319 0.721279734464319 0.733911119306657 0.706251152498617 0.70864834962198 0.70864834962198 0.70864834962198 0.681541582150101 0.681541582150101 0.679420984694818 0.657754010695187 0.657754010695187 0.649917020099576
63 0.963250686142252 0.972298460250267 0.973252081685817 0.973252081685817 0.973228822626413 0.975229101735126 0.975438433269759 0.975438433269759 0.969321300646602 0.969042191933758 0.969042191933758 0.969088710052565 0.969088710052565 0.969088710052565 0.969158487230776
64 0.928175046947861 0.928175046947861 0.926655835249931 0.926655835249931 0.926972337687 0.926972337687 0.933787690165214 0.941742451416876 0.933977591627456 0.933977591627456 0.938450826071361 0.934631696664064 0.934631696664064 0.930369463844872 0.931846475217859
65 NA 0.907528897219619 0.918671248568156 0.918671248568156 0.919452254503801 0.924737061334999 0.924737061334999 0.924737061334999 0.924737061334999 0.921560970530043 0.921560970530043 0.921560970530043 0.922992814745392 0.916536499010726 0.917499739664688
66 NA NA 0.673913043478261 0.673913043478261 0.675465838509317 0.607142857142857 0.501552795031056 0.501552795031056 0.501552795031056 0.501552795031056 0.501552795031056 0.501552795031056 0.515527950310559 0.515527950310559 0.520962732919255
67 NA 0.746361746361746 0.752965635318577 0.752965635318577 0.767518649871591 0.767518649871591 0.697810933105051 0.697810933105051 0.697810933105051 0.670661611838082 0.670661611838082 0.670661611838082 0.688883453589336 0.660388895683013 0.803962333374098
68 NA NA 0.9209797657082 0.9209797657082 0.925133120340788 0.925133120340788 0.799680511182109 0.799680511182109 0.799680511182109 0.799680511182109 0.799680511182109 0.799680511182109 0.799680511182109 0.935356762513312 0.935356762513312
69 NA 0.855193110647182 0.867601774530271 0.867601774530271 0.868175887265136 0.879945198329854 0.880388830897704 0.880388830897704 0.880388830897704 0.875339248434238 0.875339248434238 0.875339248434238 0.876422233820459 0.879031837160752 0.878979645093946
70 NA 0.808530574764341 0.839039748130657 0.839039748130657 0.84192575101666 0.84192575101666 0.844118363598883 0.844118363598883 0.844118363598883 0.846610820636795 0.846610820636795 0.846610820636795 0.847004366484886 0.86979254511722 0.917730177470437
71 NA 0.995290423861852 0.995290423861852 0.998430141287284 0.998430141287284 0.998430141287284 0.998430141287284 0.998430141287284 0.998430141287284 0.998430141287284 0.998430141287284 0.996860282574568 0.996860282574568 0.996860282574568 0.996860282574568
72 NA NA 0.940363636363636 0.940363636363636 0.944581818181818 0.903854545454545 0.903854545454545 0.903854545454545 0.903854545454545 0.881454545454545 0.881454545454545 0.881454545454545 0.858036363636364 0.858036363636364 0.847127272727273
73 0.930687374173138 0.956891317547055 0.958073690601732 0.958073690601732 0.957961844501965 0.964161314031892 0.964576742402454 0.945930399769917 0.941856006135557 0.942255456491867 0.942255456491867 0.942415236634391 0.942399258620139 0.942415236634391 0.942495126705653
74 0.856435360128249 0.902610786671247 0.908164433757014 0.908164433757014 0.909023245162029 0.909023245162029 0.909023245162029 0.86946066643765 0.86280487804878 0.864007214015802 0.864007214015802 0.864522500858811 0.864093095156304 0.864093095156304 0.864093095156304
75 0.964074893931009 0.967326139088729 0.97113078767755 0.97113078767755 0.971453606345693 0.974335915882678 0.9747740269323 0.965481460985058 0.964167127836193 0.964305478693968 0.964305478693968 0.964489946504335 0.964489946504335 0.964489946504335 0.964536063456927
76 NA 0.496815286624204 0.463906581740977 0.54140127388535 0.559447983014862 0.55307855626327 0.497346072186837 0.497346072186837 0.497346072186837 0.545647558386412 0.545647558386412 0.540339702760085 0.540339702760085 0.556263269639066 0.561571125265393
77 NA NA 0.948614177090998 0.948614177090998 0.948920775079716 0.967623252391464 0.967623252391464 0.967623252391464 0.967623252391464 0.963208241353937 0.963208241353937 0.963208241353937 0.963208241353937 0.941501103752759 0.941501103752759
78 NA 0.903205128205128 0.904166666666667 0.930448717948718 0.925320512820513 0.935897435897436 0.946474358974359 0.946474358974359 0.946474358974359 0.955448717948718 0.955448717948718 0.960576923076923 0.960576923076923 0.964102564102564 0.966346153846154
79 NA 0.880354808590103 0.897404295051354 0.897404295051354 0.899645191409897 0.910868347338936 0.910980392156863 0.910980392156863 0.910980392156863 0.905098039215686 0.905098039215686 0.905098039215686 0.910233426704015 0.914080298786181 0.914080298786181
80 NA 0.841091492776886 0.841894060995185 0.885634028892456 0.904895666131621 0.908908507223114 0.925361155698234 0.925361155698234 0.925361155698234 0.93860353130016 0.93860353130016 0.943820224719101 0.943820224719101 0.943820224719101 0.948234349919743
81 NA 0.926966292134832 0.930979133226324 0.949438202247191 0.950642054574639 0.954253611556982 0.955056179775281 0.955056179775281 0.955056179775281 0.949036918138042 0.949036918138042 0.952648475120385 0.952648475120385 0.955056179775281 0.955858747993579
82 NA 0.423793987415521 0.446399440689816 0.465276159403403 0.469470985784199 0.470403169424377 0.530412491260778 0.530412491260778 0.530412491260778 0.527266371475181 0.527266371475181 0.516429736658122 0.516429736658122 0.522372407364251 0.539617804707527
83 NA 0.6824 0.6792 0.596 0.6008 0.6184 0.64 0.64 0.64 0.6504 0.6504 0.6504 0.6504 0.6544 0.6664
84 NA 0.898222940226171 0.898626817447496 0.917407108239095 0.92548465266559 0.928311793214863 0.924878836833603 0.924878836833603 0.924878836833603 0.913166397415186 0.913166397415186 0.919022617124394 0.919022617124394 0.913570274636511 0.916599353796446
85 NA 0.843800322061192 0.823403113258186 0.833870101986044 0.849704777241009 0.814278046162104 0.81508319914117 0.81508319914117 0.81508319914117 0.826355340848094 0.826355340848094 0.81857219538379 0.81857219538379 0.816693505099302 0.790391841116479
86 NA 0.904 0.9128 0.9304 0.936 0.9456 0.952 0.952 0.952 0.9488 0.9488 0.9512 0.9512 0.956 0.9544
87 NA 0.932154340836013 0.935369774919614 0.953054662379421 0.951768488745981 0.960128617363344 0.954983922829582 0.954983922829582 0.954983922829582 0.947266881028939 0.947266881028939 0.951446945337621 0.951446945337621 0.969453376205788 0.969131832797428
88 NA 0.738127090301003 0.747591973244147 0.767090301003345 0.826454849498328 0.849063545150502 0.81438127090301 0.81438127090301 0.81438127090301 0.823578595317726 0.823578595317726 0.837792642140468 0.837792642140468 0.848896321070234 0.852274247491639
89 NA 0.763509218054673 0.768213604577241 0.787062937062937 0.824284806102988 0.845295613477432 0.805721551176097 0.805721551176097 0.805721551176097 0.812269548633185 0.812269548633185 0.817863954227591 0.817863954227591 0.827685950413223 0.828544183089638
90 NA 0.919241192411924 0.915989159891599 0.937940379403794 0.939430894308943 0.947018970189702 0.941869918699187 0.941869918699187 0.941869918699187 0.930352303523035 0.930352303523035 0.934959349593496 0.934959349593496 0.919512195121951 0.931165311653117
91 NA 0.787285871444287 0.817774634606318 0.821546440358322 0.827361307559327 0.844570171302845 0.866808109382367 0.866808109382367 0.866808109382367 0.869322646550369 0.869322646550369 0.874430300172874 0.874430300172874 0.868379695112368 0.89030331604589
92 NA 0.712 0.7056 0.7736 0.788 0.812 0.8416 0.8416 0.8416 0.8672 0.8672 0.8736 0.8736 0.8848 0.8976
93 NA 0.846665302782324 0.848097381342062 0.871317512274959 0.828355155482815 0.833469721767594 0.836129296235679 0.836129296235679 0.836129296235679 0.839402618657938 0.839402618657938 0.840425531914894 0.840425531914894 0.884103927986907 0.883592471358429
94 NA 0.865916398713826 0.859163987138264 0.885209003215434 0.896784565916399 0.892282958199357 0.907395498392283 0.907395498392283 0.907395498392283 0.905144694533762 0.905144694533762 0.913183279742765 0.913183279742765 0.919292604501608 0.87620578778135
95 NA 0.764090177133655 0.775630703166935 0.750939345142244 0.769457863660762 0.782340311325819 0.797101449275362 0.797101449275362 0.797101449275362 0.805958132045089 0.805958132045089 0.790123456790123 0.790123456790123 0.792807300053677 0.780461621041331
96 NA 0.64 0.6176 0.6112 0.5952 0.5536 0.5216 0.5216 0.5216 0.5056 0.5056 0.5312 0.5312 0.5568 0.5376
97 NA NA 0.900574247220791 0.900574247220791 0.904917912096002 0.904917912096002 0.94102922771111 0.94102922771111 0.94102922771111 0.93650150923949 0.93650150923949 0.93650150923949 0.940845174114702 0.940440256202606 0.940440256202606
98 NA 0.681696188942566 0.639291465378422 0.697799248523886 0.707461084272679 0.6532474503489 0.612453032742888 0.612453032742888 0.612453032742888 0.618357487922705 0.618357487922705 0.592055823939882 0.592055823939882 0.601180891035964 0.617283950617284
99 NA 0.796310072905818 0.793185537866389 0.774587115012647 0.782026484154144 0.772504091653028 0.774735902395477 0.774735902395477 0.774735902395477 0.777265287903586 0.777265287903586 0.829638446659723 0.829638446659723 0.832019044785002 0.833209343847642
100 NA 0.681206246634356 0.632202477113624 0.689822294022617 0.631125471190092 0.592891760904685 0.526117393645665 0.526117393645665 0.526117393645665 0.524501884760366 0.524501884760366 0.500269251480883 0.500269251480883 0.549273021001615 0.539041464728056
